-598.4434863281251,72.656630859375
-596.5916931152344,72.07
-594.8799755859375,71.13590820312501
-594.0332373046874,69.37647460937501
-593.47,67.5102230834961
-593.47,65.51085693359376
-593.766630859375,63.5766259765625
-594.2693933105468,61.68760314941406
-595.5252404022217,60.20364151000977
-597.3523455810547,59.47
-599.2817830562592,59.18
-601.2825136566162,59.18
-603.1333740234375,59.766630859375
-604.8864106750488,60.63117637634278
-605.78,62.37323730468749
-606.36,64.22109619140625
-606.36,66.22795879364014
-606.1153125000001,68.16937500000002
-605.6187799072266,70.04970764160157
-604.4044596862793,71.58277015686035
-602.5753515624999,72.3475390625
-600.6557301604747,72.66
-598.6607183742524,72.66
-603.0478125,74.1653125
-604.864699600935,73.40570275187494
-606.4741162109376,72.25588378906251
-607.5418550872803,70.59628982543946
-608.12,68.73624206542969
-608.4099999999999,66.79175537109376
-608.41,64.80562225341797
-608.0640850830079,62.87624206542969
-607.4311962890625,61.022392578125
-606.2965847873688,59.40658478736878
-604.6463010299206,58.320738389492035
-602.8311763763428,57.55820533752441
-600.9221875,57.13
-598.933829908371,57.129999999999995
-597.0306617736817,57.54466911315918
-595.2025803565979,58.31382699966431
-593.558306274414,59.39169372558594
-593.18,58.29505326271057
-592.2172743225098,57.13
-591.42,58.48280059218407
-591.42,60.47709386037662
-591.42,62.49454664884135
-591.42,64.47768825277686
-591.42,66.48703195115552
-591.42,68.49157341221348
-591.42,70.49081784540788
-591.42,72.49405734434724
-591.4293749999999,74.48
-593.17890625,74.44624999999999
-593.18,72.43562499999999
-594.4052750587464,73.12263752937316
-596.184052734375,74.0120263671875
-598.0793933105468,74.51830688476562
-600.0179323673249,74.71
