
-81.9532568359375,59.463486328125
-82.54,57.6182421875
-82.97,55.706875
-83.326943359375,53.787978515625
-83.8279541015625,51.910024414062505
-84.3247900390625,50.030419921875
-84.96060668945313,48.17600708007812
-85.76,49.1282421875
-86.22187500000001,51.02531249999999
-86.78,52.894044189453126
-87.09291992187501,54.8167626953125
-87.58999999999999,56.69
-88.09398437499999,58.57753906250001
-87.35530258655548,59.47
-85.35857591152192,59.47
-83.34738408565522,59.47
-93.67,74.27549377441406
-93.63444030761718,72.28888061523438
-93.08,70.432021484375
-92.633984375,68.5375390625
-92.13,66.65
-91.62601562500001,64.76246093750001
-91.18,62.872045898437506
-90.74000000000001,60.98531249999999
-90.2525390625,59.0882421875
-89.75098815917968,57.20924377441406
-89.27000000000001,55.324687499999996
-88.82999999999998,53.424696655273436
-88.24499999999999,51.565
-87.61818077087402,49.70974708557129
-86.97953613281251,47.859072265625
-85.9411962890625,46.1811962890625
-84.35792968749999,46.22207031250001
-83.3330234527588,47.91395309448242
-82.69857604980469,49.777379760742186
-82.0679541015625,51.6200244140625
-81.51,53.492045898437496
-81.06355468749999,55.3824609375
-80.56202209472656,57.261423950195315
-80.05384277343751,59.1532373046875
-79.61,61.04469665527344
-79.17,62.9446875
-78.6952099609375,64.8172607421875
-78.1874609375,66.705078125
-77.7,68.596875
-77.26,70.487978515625
-76.68325683593751,72.353486328125
-76.68,74.35932556152343
-78.3627392578125,74.479580078125
-79.01999999999998,72.64710937499999
-79.46000000000001,70.755
-79.8935546875,68.8624609375
-80.34,66.95857604980469
-80.78,65.0667626953125
-81.22000000000001,63.1620458984375
-81.8320458984375,61.34795410156249
-83.77821941375733,61.23
-85.78916854798794,61.23
-87.79568359375,61.230000000000004
-88.98,62.427685546875
-89.42,64.32122009277344
-89.86,66.22246093749999
-90.29999999999998,68.11500000000001
-90.74,70.02000000000001
-91.18,71.91142395019531
-91.62,73.8175390625
-93.106318359375,74.71
