
-577.3533740234375,72.656630859375
-575.5082421875,72.07
-573.7899755859376,71.13590820312501
-572.9332373046875,69.37647460937501
-572.38,67.5102230834961
-572.38,65.51085693359376
-572.6667431640624,63.5766259765625
-573.1730035400391,61.68760314941406
-574.4352404022217,60.20364151000977
-576.2611193847656,59.47
-578.1917830562592,59.18
-580.1925136566163,59.18
-582.0532568359373,59.769999999999996
-583.7911763763427,60.63117637634278
-584.68,62.37323730468749
-585.27,64.23352020263673
-585.27,66.22795879364014
-585.0253125,68.16937500000002
-584.5215124511719,70.04970764160157
-583.3062015533446,71.58277015686035
-581.4853515625,72.3475390625
-579.5506372833252,72.66
-577.5522454833985,72.66
-587.3200000000002,73.07783208414912
-587.32,71.0814516796288
-587.32,69.0829690447799
-587.32,67.09371906876564
-587.32,65.08783360468456
-587.32,63.07956204624148
-587.3199999999999,61.07845035841689
-587.32,59.08240388473496
-587.32,57.085750226189845
-587.3199999999999,55.086765732641794
-587.32,53.077471366722605
-587.32,51.07913865447044
-587.32,49.094450023025274
-587.32,47.07901406288147
-586.5675850200653,45.7
-585.5599999999998,46.84064677402377
-585.56,48.85315290093422
-585.56,50.85478688403964
-585.56,52.84465840831399
-585.56,54.857032111380256
-585.56,56.8497371673584
-585.56,58.84512971177698
-584.8023602294921,59.01236022949219
-583.0420771574974,58.0640389084816
-581.1971520996094,57.42
-579.2652281856537,57.13
-577.2678125,57.175312500000004
-575.4017578124999,57.71
-573.6021478271484,58.567559814453126
-572.0496609210968,59.8003390789032
-571.0632843017578,61.51343139648438
-570.62,63.41151245117187
-570.33,65.35171142578125
-570.33,67.35515625000001
-570.811819229126,69.23363845825196
-571.4422006988525,71.08440139770508
-572.6525962734222,72.64259627342224
-574.3541650390624,73.6441162109375
-576.1833740234375,74.4067431640625
-578.114547804594,74.71
-580.1154897212982,74.71
-581.9776544189453,74.15555969238281
-583.8086703681945,73.38566481590271
-585.3985944366455,72.23140556335449
-585.56,73.84355127334594
-586.8262015533447,74.71
