
-63.483486328125004,72.656630859375
-61.638242187500005,72.07
-59.9199755859375,71.13590820312501
-59.072314453124996,69.37647460937501
-58.51,67.5052181529999
-58.565914916992185,65.5162420654297
-59.19367022514343,63.66713307499886
-60.325240478515624,62.05475952148438
-62.11046628713608,61.52
-64.1083505883813,61.52
-66.1145605665073,61.52
-68.10843320768328,61.52
-70.10758911132814,61.519999999999996
-71.7,62.0706248652935
-71.7,64.06434846118093
-71.7,66.06635314941406
-71.7,68.06992567420006
-71.7,70.07834258913994
-70.97760314941407,71.69300354003906
-69.13111938476563,72.32444030761718
-67.22173470497131,72.66
-65.21636794447899,72.66
-60.66514699935913,59.57514699935913
-59.4103756904602,58.046102685928346
-58.8,56.195908203125
-58.510000000000005,54.26569892883301
-58.72075622558593,52.30848754882812
-59.22300308227539,50.431873092651365
-60.39521049499512,48.866859664916994
-62.21722984313965,48.10051414489746
-64.13923515319824,47.75
-66.12570427894593,47.75
-68.09939331054687,47.858306884765625
-69.9900244140625,48.34
-71.70000000000002,49.249403686523436
-71.70000000000002,51.245070160627364
-71.7,53.25635782049969
-71.7,55.25656000783667
-71.7,57.24590265870094
-71.7,59.25591418266296
-70.10758911132812,59.77
-68.09399678736925,59.77
-66.09912125080824,59.77
-64.10835058838128,59.77
-62.08969988971948,59.77000000000001
-73.45,74.12881625056266
-73.44999999999999,72.13311480060219
-73.45,70.1259756555222
-73.45,68.12252529425314
-73.44999999999999,66.13538987840293
-73.45,64.13325763872126
-73.44999999999999,62.1348332133959
-73.45,60.12176800146699
-73.45,58.130804171711205
-73.45,56.13634115582332
-73.45,54.12214958961354
-73.45,52.129569777492435
-73.45,50.13105791881681
-73.45,48.13536747574806
-73.45,46.12666392326355
-71.8071875,45.86765625
-70.98222516059876,46.66355399131775
-69.13702461242676,46.03636283874512
-67.21333572387695,45.7
-65.21778611332178,45.7
-63.254091796875,45.822021484375
-61.362144012451175,46.328927993774414
-59.573533916473394,47.22323304176331
-58.06421387672424,48.495786123275764
-57.11905212402343,50.25189575195313
-56.7467431640625,52.156513671875004
-56.46,54.09639775276184
-56.75,56.031119384765624
-57.28756104469299,57.895122089385985
-58.185654830932606,59.69130966186523
-58.24555844664573,61.466713255643846
-57.3438660800457,63.26537708640099
-56.71444030761719,65.11234558105468
-56.46,67.05379336357117
-56.80784301757812,68.96182983398438
-57.4488037109375,70.817607421875
-58.58341521263123,72.43341521263123
-60.2425803565979,73.52129017829895
-62.05262023925781,74.27857604980468
-63.949580078125,74.71
-65.95082090616226,74.71
-67.9558095240593,74.71
-69.81382835388185,74.11999999999999
-71.65109046936035,73.41428840637207
-72.4658837890625,74.71000000000001
