
-42.116513671875,74.70663085937498
-43.968306884765624,74.12
-45.78520803451538,73.30739598274232
-47.34984435081482,72.10015564918518
-48.75045890808106,70.69954109191895
-49.897978515625,69.085908203125
-50.901855329275136,67.36628934144973
-51.66530334472656,65.54300354003905
-52.36,63.71671569824218
-52.65,61.77102003455162
-52.65,59.77028595805168
-52.54530334472656,57.79699645996093
-52.051176376342774,55.92758705139159
-51.41709571838379,54.07419143676758
-50.51917255282402,52.27834510564804
-49.41097229003906,50.641944580078125
-48.15696144104004,49.11696144104004
-46.743632812499996,47.703632812500004
-45.01804241895675,46.71902120947837
-43.1878125,46
-41.262522600889206,45.7
-39.252427368164064,45.7
-37.3932373046875,46.29
-35.575602798461915,47.063891372680665
-33.99481377005577,48.24518622994423
-32.589362716674806,49.650637283325196
-32.07,51.2525
-33.93536697387695,50.94463302612305
-35.34739185571671,49.532608144283294
-36.98530883789063,48.41234558105469
-38.85737976074219,47.91404418945312
-40.816330404281615,47.75
-42.744448242187495,48.05
-44.62241497993469,48.57318362236023
-46.18750651359558,49.78750651359558
-47.518205337524414,51.256410675048826
-48.63414351463318,52.899006204605094
-49.52679829597473,54.691945295333866
-50.160401821136475,56.53322436332702
-50.599999999999994,58.428684979826215
-50.6,60.43322928071022
-50.6,62.435563554763796
-50.02,64.29142395019531
-49.32389137268066,66.12560279846191
-48.364696655273434,67.86530334472657
-47.2811242389679,69.52887576103211
-45.86861336708069,70.94138663291932
-44.22290428161621,72.03827903747558
-42.345908203125,72.537978515625
-40.3717431640625,72.66
-38.4531591796875,72.36
-36.58145399093628,71.79572699546814
-35.02517004013062,70.55517004013062
-33.61671264648437,69.14671264648437
-31.85,69.52218750000002
-32.907797241210936,71.07779724121093
-34.322187500000005,72.4921875
-35.99630102992058,73.55556264042855
-37.816484375,74.3182421875
-39.7174071598053,74.71
-41.72695366859436,74.71
