
-559.2065136718751,74.70663085937498
-561.0583068847657,74.12
-562.8752080345154,73.30739598274232
-564.4278545475006,72.11214545249939
-565.4446994781495,70.41060104370116
-565.93,68.52737976074218
-566.23,66.58554523468018
-566.23,64.59162109375
-565.785,62.69499999999999
-565.1485424041748,60.8370848083496
-563.9601953125,59.2601953125
-562.2831695747376,58.23100004196167
-560.4606249999999,57.4653125
-558.5497380352022,57.129999999999995
-556.5403955078125,57.13
-554.6563584899902,57.63682075500488
-553.34,58.7651171875
-554.1053033447266,59.87469665527344
-555.9611763763427,59.33179466247559
-557.9233827602864,59.17999999999999
-559.8523455810547,59.47
-561.7258837890626,60.005908203125
-563.1802253246307,61.2973959827423
-563.88,63.124521484375
-564.18,65.06648746490478
-564.18,67.06686279296875
-563.8184984588623,68.97300308227538
-563.0544482421875,70.7920263671875
-561.4755877685548,71.95624206542968
-559.596484375,72.454921875
-557.6320676326752,72.66
-555.7053515625,72.372890625
-553.9075390625,71.77999999999999
-553.34,73.37137230873108
-554.9315124511718,74.33075622558593
-556.8349334716797,74.71
-558.8407244873047,74.71
