
-539.2634863281249,72.656630859375
-537.4116931152344,72.07
-535.6999755859375,71.13590820312501
-534.8532373046876,69.37647460937501
-534.29,67.5102230834961
-534.29,65.51085693359376
-534.586630859375,63.5766259765625
-535.0893933105469,61.68760314941406
-536.3452404022216,60.20364151000977
-538.1723455810547,59.47
-540.1017830562591,59.18
-542.1025136566162,59.18
-543.9534863281251,59.766630859375
-545.7064106750488,60.63117637634278
-546.6,62.3546875
-547.18,64.22109619140625
-547.18,66.22795879364014
-546.9353125,68.16937500000002
-546.4387799072266,70.04970764160157
-545.2244596862793,71.58277015686035
-543.404921875,72.3475390625
-541.4757301604748,72.66
-539.4807183742523,72.66
-543.869375,74.1653125
-545.684699600935,73.40570275187494
-547.2941162109375,72.25588378906251
-548.3618550872802,70.59628982543946
-548.94,68.73624206542969
-549.23,66.8098874282837
-549.23,64.80562225341797
-548.8840850830079,62.87624206542969
-548.2511962890625,61.022392578125
-547.1302276611328,59.42022766113281
-545.4800601959229,58.32764724731446
-543.6564106750488,57.55820533752441
-541.7549960649014,57.13
-539.753829908371,57.129999999999995
-537.8506617736816,57.54466911315918
-536.0362893414497,58.30691392183304
-534.3783062744141,59.39169372558594
-534,58.30940524129197
-534,56.31302142886445
-534,54.30795386450365
-534,52.300669489596046
-534,50.30027274480089
-534,48.304788403958085
-534,46.31347788929939
-532.48140625,45.72109375
-532.24,47.629484963919964
-532.24,49.62700297435745
-532.24,51.629876783525106
-532.24,53.63203832641011
-532.24,55.618330001831055
-532.24,57.61690618864493
-532.24,59.622518253177404
-532.24,61.6178712926805
-532.24,63.62888782704249
-532.24,65.63485852838727
-532.24,67.62315174489049
-532.24,69.6227566527389
-532.24,71.63420203253625
-532.24,73.62050232693554
-533.287603149414,74.71
-534,73.2948258972168
-534.5422857666015,72.61228576660156
-536.2411876869202,73.63059384346008
-538.0619445800781,74.39097229003906
-539.9792712688446,74.71
-541.9892816257477,74.71
