
-17.7833740234375,72.656630859375
-15.938242187500002,72.07
-14.212917251586914,71.12291725158691
-12.805043716430664,69.71504371643067
-11.695914916992187,68.08182983398439
-10.686584787368776,66.36758482933044
-9.9253125,64.54218750000001
-9.29,62.69053260803223
-9.29,60.69230979561806
-9.29,58.697870513945816
-9.612620239257812,56.78022766113281
-10.246766967773437,54.925809936523436
-11.136201553344726,53.13933876037598
-12.247685546875001,51.506474609375005
-13.520978517532349,49.97902148246765
-15.032414979934693,48.69681637763977
-16.882847900390626,48.05
-18.80766014933586,47.75
-20.813275913000105,47.75
-22.77,47.9
-24.658779907226563,48.339999999999996
-26.29,49.33820459485054
-26.29,51.32657595992087
-26.29,53.326616281885656
-26.29,55.33986984610558
-26.289999999999996,57.338396819978946
-26.29,59.336874809842556
-26.29,61.3296370573528
-26.29,63.335879498717844
-26.29,65.33130368648096
-26.29,67.33797739276662
-26.29,69.33578470682725
-26.181693115234374,71.29469665527344
-24.403828353881835,72.07
-22.533525390625,72.63231445312499
-20.54532009720802,72.66
-18.543529638051986,72.66
-28.04,73.6501011288166
-28.04,71.63420203253627
-28.040000000000003,69.63879044615896
-28.04,67.64119154432788
-28.040000000000003,65.63485852838727
-28.040000000000003,63.649145806210576
-28.04,61.63858628275571
-28.040000000000003,59.64331134984968
-28.04,57.63740670308471
-28.04,55.63814684541663
-28.04,53.65073099857196
-28.04,51.646869208421556
-28.04,49.641465110641434
-28.04,47.65023999288678
-27.851249999999997,45.72109375
-26.29,46.300516815185546
-25.146240644454956,46.45201066017151
-23.29676695823669,45.819395303726196
-21.33440489768982,45.7
-19.328469084352253,45.7
-17.373828353881834,45.91161270141602
-15.488508834838868,46.415210494995115
-13.697221460342409,47.30704293251038
-12.22878804206848,48.62562721252442
-10.814931287765503,50.04485984802246
-9.735000000000001,51.71
-8.783359375,53.459609375
-8.12,55.3027392578125
-7.54,57.160730590820314
-7.24,59.09516880393028
-7.24,61.094741155952214
-7.54,63.027812499999996
-8.048880615234374,64.89653503417969
-8.683681640625,66.752724609375
-9.586614990234375,68.54328735351562
-10.690419921875,70.175478515625
-12.059590157270431,71.61453156471252
-13.503345384597779,73.00643153190613
-15.286896362304688,73.89441223144532
-17.175078125,74.41
-19.092696946859355,74.71
-21.09764651298523,74.71
-23.08892150878906,74.69541564941406
-24.94533137321472,74.05776061058044
-26.290000000000003,73.88804784774781
-27.606535034179686,74.71
