
-3.149296875,74.70992187499999
-3.4299999999999997,72.88255500793457
-3.43,70.89788209306076
-3.43,68.88171049021884
-3.43,66.8898437778349
-3.43,64.8906200696039
-3.43,62.8955211742036
-3.4299999999999997,60.89142976732691
-3.43,58.89574334600707
-3.43,56.88250009892741
-3.43,54.89169139755191
-3.4299999999999997,52.89539654118707
-3.43,50.8838531114161
-3.43,48.88044726058841
-3.43,46.881408182382586
-2.4729753875732423,45.7
-0.9180739748477937,45.7
1.0794827529974282,45.7
3.0708148034103218,45.7
5.073320057224482,45.7
7.081346334125847,45.7
9.065806831866503,45.7
11.064076013565064,45.7
13.080976761579514,45.7
13.475624999999997,47.34625
11.51741919571534,47.46
9.51628498768434,47.46
7.521979457587004,47.46
5.51601908326149,47.46
3.518605751153082,47.46
1.514368571043015,47.46
-0.48562997534871094,47.46
-1.68,48.395628471374515
-1.68,50.40176232159138
-1.6800000000000002,52.4100454711914
-1.6800000000000002,54.3989729732275
-1.6800000000000002,56.396364250183105
-1.68,58.40185150146485
-0.05443916320800764,58.89
1.9578568179905416,58.89
3.946749073266983,58.89
5.940971593856812,58.89
6.508906250000001,60.451249999999995
4.578743339776993,60.64
2.5698858503066004,60.64
0.5600146125257016,60.64
-1.4334375,60.64527343749999
-1.6799999999999997,62.53280855827034
-1.6800000000000002,64.53603469990193
-1.68,66.5254019165039
-1.6800000000000002,68.52796642839908
-1.68,70.53759641587733
-1.68,72.52837890625
0.024703587293624957,72.95
2.0178271484375,72.95
4.012706812825054,72.95
6.009379146043211,72.95
8.02239315852523,72.95
10.01869017601013,72.95
12.020949239730836,72.95
13.559999999999999,73.55970764160156
12.564882812499999,74.71
10.578597772996872,74.71
8.56755261734128,74.71000000000001
6.571756475735456,74.70999999999998
4.572482568251434,74.71
2.576384950298816,74.71
0.5836830055713653,74.70999999999998
-1.4302819984592499,74.71
