
-513.2000000000002,65.03011718750001
-513.49,63.10182983398438
-514.1991178894043,61.28471046447754
-515.6675850200653,59.999231357574466
-517.536474609375,59.47
-519.4736695957183,59.18
-521.4326202392579,59.338576049804686
-523.3226834869384,59.85064651489258
-524.9343371582031,60.96892150878906
-525.6984336853027,62.79025291442871
-526.09,64.70228576660156
-524.4312463478744,65.04
-522.430722322464,65.04
-520.4362582938373,65.04
-518.4242742718943,65.04
-516.4194408060611,65.04
-514.4359473884106,65.04
-521.8118298339843,74.41000000000001
-523.6793218421935,73.86033907890321
-525.473720703125,72.9631396484375
-526.8159375,71.50500000000001
-527.55,69.66997558593751
-528.0727392578125,67.814521484375
-528.14,65.81692745208741
-527.9882053375244,63.851176376342764
-527.55,61.95452148437499
-526.7267749786376,60.154625244140625
-525.284052734375,58.781103515625006
-523.5052750587463,57.88411306381226
-521.6276544189453,57.38444030761719
-519.6793331432342,57.13
-517.7268408203125,57.3527392578125
-515.8430700683593,57.854691162109376
-514.0584277534484,58.75463899612427
-512.6001171875,60.079765625
-511.73,61.891119384765624
-511.3353033447265,63.78300354003906
-511.2059149169922,65.74182983398437
-512.717259016037,66.8
-514.7185509490967,66.79999999999998
-516.7147736881674,66.8
-518.7212530040741,66.8
-520.7267291510105,66.8
-522.7214790435136,66.8
-524.7193375492096,66.8
-526.09,67.42073059082031
-525.569580078125,69.295478515625
-524.7461716461181,71.0708821105957
-523.0420458984374,72.07
-521.1823455810547,72.62321411132812
-519.2588483536243,72.95
-517.2525186920166,72.95
-515.3306066894531,72.66
-513.4399755859374,72.1879541015625
-512.03,72.38174919128417
-512.7102529144287,74.02181922912598
-514.5964220428467,74.52512985229491
-516.5437778151036,74.71
-518.5552747054398,74.71
-520.5424462890625,74.71
