
-503.82929687499995,74.70992187499999
-504.12,72.89441031143069
-504.12,70.89449930815026
-504.12,68.88839076505974
-504.12,66.89740345692262
-504.12,64.89903632476926
-504.12,62.894919810537246
-504.12,60.88835020661354
-504.12,58.89246938213705
-505.39116967082026,58.010000000000005
-507.39328674435615,58.01
-508.51,56.9890064239502
-507.09748130798346,56.25
-505.0911516463757,56.25
-504.12,55.09441927552223
-504.12,53.10052206993103
-503.6412921905518,51.20258438110351
-503.01301030158993,49.35602060317993
-501.8121454524994,47.79214545249939
-500.1052773928642,46.77263869643211
-498.284921875,46.0124609375
-496.3657301604748,45.7
-494.3707183742523,45.7
-492.49062499999997,46.2446875
-491.23,47.40709350585938
-492.05215698242193,48.39591491699219
-493.9200244140625,47.872021484375
-495.88134070038797,47.75
-497.8068408203125,48.05
-499.68389731407166,48.61427300453186
-501.1030035400391,49.93239685058593
-501.77,51.77300354003906
-502.2420458984375,53.670024414062496
-502.36,55.6396875
-500.86220846295356,56.25
-498.8639453125,56.25
-497.09000000000003,56.63180793762207
-497.8468414592743,58.01
-499.84861116215586,58.01
-501.8437915515899,58.010000000000005
-502.36000000000007,59.632054859120394
-502.36,61.63800241351127
-502.36,63.642019903939214
-502.36,65.62433632770552
-502.36,67.6246011160314
-502.36,69.64185718884691
-502.36,71.64059226945042
-502.36,73.63298121452331
-503.42389137268066,74.71
