
17.06130859375,74.70992187499999
16.78,72.88255500793457
16.78,70.88360077672405
16.780000000000005,68.88171049021884
16.78,66.8898437778349
16.78,64.8906200696039
16.78,62.8955211742036
16.78,60.89142976732691
16.78,58.89574334600707
16.78,56.88250009892741
16.78,54.89169139755191
16.78,52.89539654118707
16.78,50.8838531114161
16.78,48.88044726058841
16.78,46.881408182382586
17.733615885972977,45.7
19.72478836884722,45.7
21.728552885055542,45.7
23.73274542087922,45.7
25.73151398057118,45.7
27.740578336715696,45.7
29.735783637408165,45.7
31.72384254455566,45.7
33.66281250000001,45.86765625
33.27290299415588,47.46
31.286746978312728,47.46
29.28189797952771,47.46
27.288315411116923,47.459999999999994
25.277022300679235,47.46
23.28515179308131,47.46
21.282080618590115,47.459999999999994
19.284510027170178,47.46
18.540000000000003,48.86924191951752
18.54,50.85630893528461
18.54,52.852583403587346
18.54,54.85948693752289
18.54,56.86038344539702
18.630937499999998,58.82875
20.61655144780874,58.89
22.617675894796847,58.89
24.624820141494276,58.89
26.58015625,58.9971875
26.317740631103515,60.64
24.327405178546904,60.63999999999999
22.327772510051727,60.64
20.317301908433436,60.64
18.54,61.00005501747131
18.54,63.000465846378354
18.54,64.99971082614735
18.54,67.0051169900596
18.54,69.00884923577308
18.54,70.99353712117299
18.54,72.99393299654125
18.105308837890625,74.71
