
-477.4533740234375,72.656630859375
-475.6082421875,72.07
-473.88590820312504,71.13590820312501
-473.03323730468753,69.37647460937501
-472.48,67.5102230834961
-472.48,65.51085693359376
-472.7667431640625,63.5766259765625
-473.2730035400391,61.68760314941406
-474.52776382446297,60.20364151000977
-476.36111938476563,59.47
-478.29178305625913,59.18
-480.29251365661617,59.18
-482.15289062499994,59.77
-483.8911763763428,60.63117637634278
-484.78,62.37323730468749
-485.37,64.22109619140625
-485.37,66.22795879364014
-485.116875,68.16937500000002
-484.62151245117184,70.04970764160157
-483.4062015533448,71.58277015686035
-481.58492187499996,72.3475390625
-479.6657301604747,72.66
-477.67071837425226,72.66
-485.2778125,86.176875
-486.54,85.01929626464843
-485.7392437744141,84.00075622558593
-483.8773797607422,84.53857604980469
-481.9728192138672,84.96
-479.98399120926854,84.96000000000001
-478.0466259765625,84.67325683593751
-476.12877990722654,84.29802368164061
-474.30742309570314,83.53805541992188
-473.16277015686035,81.94379844665528
-472.66530334472657,80.06060668945312
-472.18,78.17321998596192
-472.18000000000006,76.17315607860685
-472.18,74.18197123527526
-472.18,72.18195182800292
-473.62886944770815,73.23322436332704
-475.4224609375001,74.12
-477.31111808776853,74.63429733276367
-479.2989761447907,74.71
-481.2099755859375,74.41
-483.0794152832031,73.80029235839845
-484.8429042816162,72.88709571838379
-486.1453005218506,71.38939895629882
-486.83,69.54375793457032
-487.4167431640625,67.686513671875
-487.41999999999996,65.69368350982666
-487.20924377441406,63.73122009277344
-486.83,61.826513671875
-485.93686035156253,60.0468603515625
-484.454633026123,58.725926055908204
-482.67292303085327,57.827456912994386
-480.786484375,57.328242187499995
-478.82206763267516,57.13
-476.89535156249997,57.40753906250001
-475.01135453343386,57.910170915126805
-473.2290062046051,58.80513731002807
-472.18,59.20113055229187
-472.0809375,57.229023437500004
-470.43,57.59926110371948
-470.43,59.59588950142265
-470.42999999999995,61.60881665587426
-470.43,63.59386240838096
-470.43000000000006,65.60185761989328
-470.43,67.59371384432772
-470.43,69.59754699707031
-470.43,71.60277938015992
-470.43,73.60462463378906
-470.43,75.60533875465393
-470.43,77.5948924665153
-470.43,79.59071082115173
-471.01,81.456513671875
-471.6495361328125,83.309072265625
-472.92578612327577,84.82578612327575
-474.67932707428935,85.76621816039085
-476.525908203125,86.43
-478.44810389637945,86.72
-480.462935552597,86.72
-482.45323204159735,86.72
