
48.1233740234375,74.70663085937498
46.2782421875,74.11999999999999
44.460672925710675,73.31378183960915
42.8978515625,72.1146875
41.48806555747986,70.69954109191895
40.3379541015625,69.085908203125
39.33308607816696,67.36628934144973
38.56469665527344,65.54300354003905
37.88,63.71671569824218
37.58,61.78958930969238
37.58,59.78292703017593
37.681566314697264,57.81025291442871
38.18358932495117,55.92758705139159
38.81344192504883,54.07419143676758
39.71356981277466,52.289192066192626
40.81968383789062,50.641944580078125
42.079314928054806,49.11696144104004
43.4872900390625,47.703632812500004
45.21829073309898,46.71902120947837
47.050625000000004,46
48.977477399110796,45.7
50.97547066688538,45.7
52.8324609375,46.29
54.65778274536133,47.063891372680665
56.235186229944226,48.24518622994423
57.6481953792274,49.6581953792274
58.162499999999994,51.2525
56.30324256896973,50.94463302612305
54.87300422668457,49.52048080444336
53.253464965820314,48.41234558105469
51.36358932495118,47.90702896118164
49.406617239713675,47.75
47.486474609375,48.05
45.6041162109375,48.579975585937504
44.04061544299125,49.79938455700874
42.71,51.27
41.595856485366824,52.899006204605094
40.70320170402527,54.691945295333866
40.07111808776855,56.54524040222167
39.63,58.441623849868776
39.63,60.43322928071022
39.63000000000001,62.435563554763796
40.22,64.305
40.906108627319334,66.12560279846191
41.87169311523437,67.86530334472657
42.958875761032104,69.52887576103211
44.37138663291931,70.94138663291932
46.017095718383786,72.03827903747558
47.89002441406251,72.537978515625
49.8682568359375,72.66
51.801220092773434,72.36000000000001
53.66758705139161,71.78882362365724
55.209031372070314,70.55096862792969
56.52169311523437,69.05939331054688
56.63,67.10410723686218
56.63,65.09536061882972
56.63,63.103518676757815
55.17865705966949,62.4
53.16659897148609,62.4
51.162336764335635,62.400000000000006
49.59,62.96284790039063
48.059999999999995,63.565625
47.84,61.680390625
48.92823219239712,60.63999999999999
50.930920665860185,60.64
52.93495393276215,60.64
54.93859375,60.64
56.927968605160714,60.64
58.38,61.3405290043354
58.38,63.34190612792969
58.38,65.335
58.379999999999995,67.35129941955209
58.38,69.35230468750001
57.410134401321415,70.98986559867859
55.997009706497195,72.40299029350281
54.34851981878281,73.5007400906086
52.525000000000006,74.265
50.62766840934753,74.71000000000001
48.6403670501709,74.71
