
62.471308593749995,74.70992187499999
62.19,72.88255500793457
62.19,70.88360077672405
62.18999999999999,68.88171049021884
62.19,66.8898437778349
62.19,64.8906200696039
62.190000000000005,62.8955211742036
62.19,60.89142976732691
62.19,58.89574334600707
62.19,56.88250009892741
62.19,54.89169139755191
62.19,52.89539654118707
62.19,50.8838531114161
62.19,48.88044726058841
62.19,46.881408182382586
63.138999958038326,45.7
63.949999999999996,47.05176156505943
63.95,49.04768780708313
63.95,51.0482916200161
63.95,53.0495214494504
63.95,55.04947879686952
63.95,57.04621887207031
64.22273437499999,58.8896875
66.22581369534134,58.89
68.21260332867503,58.89
70.21332924993709,58.89
72.22007247909903,58.89
74.22116012742742,58.89
76.223600230664,58.89
77.43,57.96565994247794
77.43,55.966048492919654
77.43,53.95558506665752
77.43,51.96317387387157
77.43,49.966273982133714
77.43,47.9671875
77.434375,45.960625
79.1778125,45.98015625
79.18,47.97518010577187
79.18,49.980202911328526
79.18,51.97298289806349
79.18,53.97045361326309
79.18,55.97635492620989
79.18,57.98663602954475
79.18,59.976119644034185
79.18,61.96962670079199
79.18,63.97234508391702
79.18,65.98218511120183
79.18,67.9810822375468
79.18,69.97093749999999
79.18,71.98777937889099
79.18,73.98634516075253
77.7702734375,74.71
77.43,72.9428320376575
77.43,70.94114029765129
77.43,68.93123535156249
77.43000000000002,66.9462073986046
77.43,64.94497417524457
77.43,62.9420501984097
77.43,60.949762954711915
75.5751648245752,60.64
73.57362913504242,60.64
71.56995355116203,60.64
69.57590272596106,60.64
67.57625860055907,60.64
65.57090667366981,60.64
63.95,61.15158153414726
63.95,63.14921316256746
63.95,65.14658488543704
63.95,67.14274481968954
63.95,69.14427362633869
63.95,71.14928874015808
63.95,73.14277510210871
63.3622361755371,74.71
