
-466.03929687499993,74.70992187499999
-466.32,72.88255500793457
-466.32,70.89788209306076
-466.32,68.88171049021884
-466.32,66.8898437778349
-466.32,64.8906200696039
-466.32000000000005,62.8955211742036
-466.31999999999994,60.89142976732691
-466.31999999999994,58.89574334600707
-466.32,56.88250009892741
-466.32,54.89169139755191
-466.32000000000005,52.89539654118707
-466.31999999999994,50.8838531114161
-466.32,48.88044726058841
-466.31999999999994,46.881408182382586
-465.3629753875732,45.7
-464.57,47.0576443900168
-464.57,49.05600930213928
-464.57,51.04924961924553
-464.57,53.04635405540466
-464.57000000000005,55.05041221817956
-464.57,57.04949111104012
-464.57,59.049052685350176
-463.66360839843753,58.876748046875
-461.8615411663055,57.97188024520874
-459.9918298339844,57.42
-458.0643931293488,57.13
-456.0971520996094,57.261423950195315
-454.209453125,57.760703125
-452.4211755371094,58.66248413085937
-450.92521049499516,59.934789505004886
-449.97773925781246,61.704521484375
-449.61031616210937,63.60871154785156
-449.33,65.54236060738563
-449.33,67.54464043661952
-449.33,69.54015522388741
-449.33,71.5411738663353
-449.33,73.53609076499939
-450.29702461242675,74.71
-451.09000000000003,73.38605889856815
-451.0899999999999,71.38649147510529
-451.09,69.37872777871787
-451.0899999999999,67.39039254665374
-451.09,65.38798309326172
-451.68,63.516474609375
-452.1992313575745,61.64758502006531
-453.48471046447753,60.179117889404296
-455.3037579345703,59.47
-457.23909661173826,59.18
-459.2391443634034,59.18000000000001
-461.09531250000003,59.77
-462.8371520996094,60.67262023925781
-463.7024609375,62.425351562500005
-464.27,64.28512382507324
-464.57,66.21716105401516
-464.57,68.21544471003115
-464.57,70.21552305281162
-464.56999999999994,72.21198528289794
-464.57,74.22035129547119
