
83.57070312499998,74.70992187499999
83.29000000000002,72.88255500793457
83.29,70.89788209306076
83.29,68.88171049021884
83.29,66.8898437778349
83.29,64.8906200696039
83.29,62.8955211742036
83.29,60.89142976732691
83.29,58.89574334600707
83.29,56.88250009892741
83.29,54.89169139755191
83.29000000000002,52.89539654118707
83.29,50.8838531114161
83.29000000000002,48.88044726058841
83.29,46.881408182382586
84.24702461242676,45.7
85.04,47.04482030704618
85.04,49.05385215462884
85.03999999999999,51.04640188300982
85.04,53.05919947003945
85.03999999999999,55.047669901468325
85.03999999999999,57.04505098723108
85.04,59.06165472302353
85.04,61.05767643119907
85.04,63.0591345979832
85.04,65.04846551169408
85.04000000000002,67.05677216121927
85.04,69.04960547581547
85.04,71.05346428934251
85.04,73.05883921621367
84.5671875,74.71
