
-444.94869140624996,74.70992187499999
-445.23,72.88729873446748
-445.23,70.88966101765632
-445.23,68.8938338829577
-445.23,66.88374288788066
-445.23,64.89678558966145
-445.23,62.88926345467567
-445.23,60.87865871289745
-445.23,58.88326272794977
-444.8453747558594,57.129999999999995
-442.9446875,57.3325
-442.89000000000004,59.31951424883678
-442.89,61.317849197834725
-442.88999999999993,63.314595595449205
-442.89000000000004,65.31813279151916
-442.89,67.32773795196786
-442.89,69.3239499022183
-442.89,71.3135277746059
-442.89,73.32135346129536
-443.64241928100586,74.71
-445.22999999999996,53.97491508483886
-445.23,51.972500000000004
-443.79556259155277,51.269999999999996
-442.89000000000004,52.5131005859375
-443.069375,54.450625
