
92.063486328125,74.70663085937498
90.24257690429687,74.04323303222657
89.14,72.50096402168275
89.89268348693847,71.35268348693847
91.4833740234375,72.36
93.34393310546875,72.95
95.3500603914261,72.95
97.31737976074218,72.81857604980469
99.20025291442872,72.36
101.04079077720642,71.68635336875916
102.35679825544358,70.26423363804817
103.25233090162277,68.46703456044197
103.5,66.52848693847656
103.5,64.5371875
103.5,62.52510415538447
103.5,60.53196022033691
103.5,58.52523994445801
103.5,56.53455565020442
103.5,54.52562086330727
103.5,52.532240729779005
103.5,50.525559289176016
103.5,48.5202383518219
103.5,46.521412153989075
104.81653503417968,45.7
105.25999999999999,47.41212585614994
105.26,49.39620245238766
105.26,51.415131038427354
105.26,53.402958473435135
105.26,55.409388402674814
105.26,57.40826416547643
105.26000000000002,59.407599591847976
105.25999999999999,61.39967305203899
105.26,63.40588619457557
105.26000000000002,65.40438379896804
105.26,67.40329527081921
105.01063453793526,69.34703456044198
104.11624064445496,71.12973803520202
102.8913623046875,72.6786376953125
101.16465366601945,73.67767316699029
99.3455517578125,74.41
97.42468757629395,74.71
95.42039332985878,74.71
93.40662825584411,74.71
