
-444.066513671875,86.71674316406249
-445.9117578125,86.13000000000001
-446.99,84.81500000000001
-445.99204589843754,84.08
-444.1311193847656,84.63444030761718
-442.1911872768402,84.96
-440.2025186920166,84.96
-438.2674156188965,84.67
-436.38590820312504,84.202021484375
-434.589375,83.40781249999999
-433.51,81.7367431640625
-433.0092437744141,79.84848754882812
-432.63,77.94499428391457
-432.63,75.94744439603761
-432.63,73.95627791047097
-432.63,71.9538096098788
-432.63,69.95546475498006
-432.63,67.94267508574063
-432.63,65.95073100425536
-432.63,63.95393168449402
-432.63,61.956268844604494
-432.63,59.95771099448204
-432.63,57.94874450683594
-431.31346496582034,57.129999999999995
-430.87999999999994,58.84696635767818
-430.88,60.850882156342266
-430.88,62.83937756070867
-430.88,64.85106492263498
-430.88,66.8483437544736
-430.88,68.84856839308515
-430.88,70.85632044753059
-430.88,72.8569204123877
-430.88,74.85774167895318
-430.88,76.8468688405864
-430.88,78.84418362617492
-431.17,80.78765441894531
-431.76778129577633,82.64556259155273
-432.84297538757323,84.29297538757325
-434.4658349609375,85.4358837890625
-436.284521484375,86.199580078125
-438.1587043082714,86.72
-440.14768839016557,86.71999999999998
-442.1478134071827,86.72
-432.44124999999997,54.48015625
-432.63,52.57314270019531
-431.80977233886716,51.27
-430.88,52.49819863319397
-431.03765625,54.43640625000001
