
109.64130859375003,74.70992187499999
109.36,72.88255500793457
109.36,70.88360077672405
109.36000000000001,68.88171049021884
109.35999999999999,66.8898437778349
109.36,64.8906200696039
109.36,62.8955211742036
109.35999999999999,60.89142976732691
109.35999999999999,58.89574334600707
109.36,56.88250009892741
109.36,54.89169139755191
109.36000000000001,52.89539654118707
109.36000000000001,50.8838531114161
109.36,48.88044726058841
109.36,46.881408182382586
110.31702461242676,45.7
111.12,47.044799100607634
111.12,49.04615584073588
111.12,51.041119330953805
111.12,53.038379228953275
111.12,55.041235231161124
111.12,57.047473029047254
111.84727426886559,57.28065372467041
113.26289174437522,55.861003150939936
114.65768554687499,54.436474609375004
115.92728303290905,52.91150076827034
117.34591949462892,51.49113426208496
118.75391630373895,50.081420383695516
120.16961181640625,48.66399841308594
121.58764272212983,47.24423820137977
122.98767364501953,45.84249992370606
124.59000000000002,46.20379844665528
123.86230470180512,47.89769529819488
122.44625728331505,49.31374271668493
121.02913552872837,50.73086447127163
119.61908625639975,52.14091374360025
118.20984577178955,53.550154228210445
116.78550304412842,54.97449695587158
115.54438672065733,56.51561327934265
114.13672609850764,57.92327390149236
112.72030650302767,59.33969349697232
112.38826543688774,60.74699892997742
113.81327390149235,62.16865443348884
115.21939725279807,63.57146925926209
116.46088947296143,65.11088947296143
117.87495813906193,66.52495813906192
119.29255290456118,67.94255290456117
120.70612186133862,69.35612186133861
122.11860959358512,70.76860959358513
123.53478045403958,72.18478045403957
124.59000000000002,73.74297538757324
123.4013623046875,74.71
121.92006175994874,73.49858622550964
120.50163341753183,72.07842809243127
119.09005668453874,70.66512992439792
117.67188171736896,69.24522547556087
116.26572172224522,67.83735065117477
114.87215698242187,66.38817016601563
113.59586860656738,64.88292236328125
112.18264101549983,63.46566848278046
111.12,62.88568109631538
111.12,64.88847976326943
111.12,66.88915966553614
111.12,68.89710658192635
111.12,70.88775328455492
111.12,72.88892520070075
110.79107849121094,74.71
