
-426.489296875,74.70992187499999
-426.77,72.88255500793457
-426.77,70.89788209306076
-426.7699999999999,68.88171049021884
-426.77,66.8898437778349
-426.77,64.8906200696039
-426.77000000000004,62.8955211742036
-426.77,60.89142976732691
-426.77,58.89574334600707
-426.77,56.88250009892741
-426.77,54.89169139755191
-426.77,52.89539654118707
-426.77,50.8838531114161
-426.77,48.88044726058841
-426.77,46.881408182382586
-425.81297538757326,45.7
-425.02,47.04481498599053
-425.02,49.046642255783084
-425.02,51.05374123546062
-425.02,53.05412765452638
-425.02,55.0493380509899
-425.02,57.05198726058006
-425.02,59.05148042651126
-425.02,61.044484495464715
-425.02,63.048107997048646
-424.5876684093476,64.01766840934754
-423.18102385520933,62.61102385520935
-421.878387298584,61.1108821105957
-420.5107261936367,59.660726193636656
-419.1025186920166,58.25251869201661
-417.5576031494141,57.13
-416.52000000000004,58.24528953552247
-417.6838279438019,59.75382794380188
-419.1035200846195,61.17352008461952
-420.44795410156246,62.639975585937506
-421.7528145007789,64.12281450077892
-423.1669536685944,65.53695366859435
-422.5252281856537,66.94477181434631
-421.103829908371,68.36617009162902
-419.86281921386717,69.89718078613281
-418.4473237645626,71.3126762354374
-417.03383355259894,72.72616644740104
-416.54109374999996,74.51125
-418.33041628837583,74.36043630599976
-419.7468622589111,72.94743667602538
-421.15737738251687,71.54035346269606
-422.3968585205078,70.00314147949219
-423.8081733036041,68.59182669639587
-425.02,67.6820703125
-425.02,69.68188492774964
-425.02,71.67188859343528
-425.02,73.6709538950026
-426.1226040172577,74.71
