
128.980703125,74.70992187499999
128.69999999999996,72.88255500793457
128.7,70.89788209306076
128.7,68.88171049021884
128.7,66.8898437778349
128.7,64.8906200696039
128.7,62.8955211742036
128.7,60.89142976732691
128.7,58.89574334600707
128.7,56.88250009892741
128.7,54.89169139755191
128.7,52.89539654118707
128.7,50.8838531114161
128.7,48.88044726058841
128.7,46.881408182382586
129.65702461242677,45.7
130.45,47.04510359495878
130.45,49.05824098587036
130.45,51.045884444378316
130.45,53.05692942213733
130.45,55.044455997846086
130.45,57.055356675316574
130.45,59.05664789211005
130.45,61.0440902352333
130.45,63.053964485577296
130.45,65.0559924178198
130.45,67.05494107489008
130.45,69.05065127147827
130.45,71.05233590472488
130.6640625,72.9431640625
132.66392433166502,72.95
134.6732513332367,72.94999999999999
136.66244913935662,72.95
138.66987013816833,72.95
140.65702922269702,72.95
142.67063843131064,72.95
144.66400012373924,72.95
145.69,74.0778545475006
144.18406884312628,74.71
142.18898276925086,74.71
140.17840382769703,74.71
138.1728555814922,74.70999999999998
136.1832788193226,74.71
134.17906250000001,74.71
132.19101723074914,74.71
130.18265792295335,74.71
