
-412.13868164062495,74.70992187499999
-412.42,72.88255500793457
-412.42,70.88360077672405
-412.41999999999996,68.88171049021884
-412.42,66.8898437778349
-412.42,64.8906200696039
-412.42,62.87504586184164
-412.42,60.89142976732691
-412.4200000000001,58.87501525878906
-412.42,56.88250009892741
-412.42,54.89169139755191
-412.42,52.87726851463318
-412.42,50.8838531114161
-412.41999999999996,48.88044726058841
-412.42,46.881408182382586
-411.45727432250976,45.7
-410.65999999999997,47.04482030704618
-410.66,49.040367660522456
-410.65999999999997,51.04640188300982
-410.66,53.040941781771835
-410.65999999999997,55.047669901468325
-410.65999999999997,57.04505098723108
-410.66,59.04090774416923
-410.66,61.05767643119907
-410.66,63.0591345979832
-410.66,65.04846551169408
-410.6600000000001,67.05677216121927
-410.66,69.04960547581547
-410.66,71.03943574786186
-410.66,73.03972664833069
-411.13437500000003,74.71
