
164.72070312499997,74.70992187499999
164.44,72.88948308631778
164.44,70.88300287986175
164.44,68.89127320454689
164.44,66.88538135187001
164.44,64.89483239531516
164.44,62.89256322130561
164.44,60.881372604370114
164.44,58.879748184066266
164.44,56.88378227645531
164.44,54.895104423929006
164.44,52.89115147342905
164.44,50.885147218704226
163.5146875,52.1953125
162.44591491699217,53.85215698242187
161.4178125,55.5528125
160.41699645996093,57.26239685058594
159.390419921875,58.9572607421875
158.3167626953125,60.6132373046875
156.81320367813112,59.75129017829895
155.7417578125,58.1017578125
154.70685966491698,56.41478950500488
153.69681193351747,54.696898241043094
152.6996243095398,52.983897314071655
151.69635848999025,51.27524040222168
151.25,51.923686512261625
151.25,53.92691776761785
151.25,55.9257995464094
151.25,57.936037390381095
151.25,59.92728255549446
151.25,61.91941667914391
151.25,63.924101814981555
151.25,65.92182548522949
151.25,67.93075485423208
151.25,69.92939774513245
151.25,71.93587060526013
151.25,73.93132104754449
149.60999999999999,74.37062499999999
149.5,72.40329794585705
149.5,70.40039396335371
149.5,68.39560429625213
149.5,66.39889252893627
149.5,64.40331567905844
149.5,62.39821019478143
149.5,60.410094786742704
149.5,58.39522749616765
149.5,56.41091953893192
149.5,54.398837655410176
149.5,52.39844845154323
149.5,50.39375
149.5,48.39749538421631
149.5,46.397513160705564
150.93107849121094,45.7
151.25,47.53541564941406
152.17687500000002,49.26531250000001
153.26444030761718,50.90765441894531
154.37843368530272,52.53363845825195
155.49142395019533,54.17284790039062
156.49128845214844,55.883233032226556
157.54921875,57.55921875
158.71151245117187,56.56970764160157
159.71128845214844,54.866766967773444
160.8282421875,53.213515625
161.93142395019532,51.59262023925781
163.04570266723633,49.95111808776855
164.152890625,48.314648437500004
164.44,46.38838171958923
165.8868603515625,45.7
166.2,47.54762057168409
166.2,49.54070328101516
166.2,51.545176800340414
166.2,53.53877043053508
166.19999999999996,55.53915192618966
166.2,57.534954138158355
166.2,59.53935737609863
166.2,61.534984741210934
166.2,63.547790424656114
166.2,65.53775971824302
166.2,67.55084490662207
166.2,69.54229677031515
166.2,71.54272044141544
166.2,73.54423276951536
165.23297538757325,74.71
