
-406.27869140625,74.70992187499999
-406.55999999999995,72.89166002392768
-406.56,70.8923059117794
-406.56,68.8949898815155
-406.56,66.8810082244873
-406.56,64.88544249653816
-406.55999999999995,62.883989791870114
-406.56000000000006,60.87950263977051
-406.56,58.881993265151976
-406.3152795410156,57.13
-404.8,57.61421669006348
-404.8,59.61276206970215
-403.377275390625,58.616318359375
-401.606279296875,57.723251953125
-399.713515625,57.2217578125
-397.7412043273449,57.13
-395.80060668945316,57.419999999999995
-393.9448166072369,58.01387932062149
-392.1621875,58.927812499999995
-390.96613769531245,60.481791992187496
-390.07169372558593,60.7676863861084
-388.9398188018799,59.13981880187988
-387.21505326271057,58.14938844680786
-385.38888061523437,57.42
-383.45821694374087,57.13
-381.45748634338383,57.129999999999995
-379.59710937500006,57.71
-377.7884184455872,58.477293262481695
-376.19610862731935,59.663891372680666
-375.16046386718745,61.339072265625
-374.63000000000005,63.225908203125
-374.33000000000004,65.14281309008597
-374.33,67.1522785796225
-374.33,69.14988208221271
-374.33000000000004,71.15275239231065
-374.33,73.15314880371093
-374.913224363327,74.71
-376.09,73.77151203215122
-376.09000000000003,71.78368778705597
-376.09,69.77690033234656
-376.09000000000003,67.77521779187023
-376.09,65.76794727325439
-376.52297103881835,63.878823623657226
-377.023525390625,62.002026367187504
-378.1333740234375,60.3566259765625
-379.954091796875,59.592021484375
-381.843829908371,59.18
-383.8576684093475,59.18
-385.755,59.62
-387.55805541992186,60.388711547851564
-388.65128845214844,62.03323303222656
-389.15204589843756,63.920024414062496
-389.57,65.8181802368164
-389.57,67.81114990234374
-389.56999999999994,69.81679795742035
-389.57,71.82018796525895
-389.57,73.81423583984375
-390.82620155334473,74.71
-391.32,73.0896900421381
-391.31999999999994,71.10622592151165
-391.32,69.10185458123684
-391.32,67.1022705155611
-391.4283068847657,65.12060668945313
-391.91,63.23933822631836
-392.56357795715337,61.38900642395019
-393.96500000000003,60.06
-395.826484375,59.47
-397.75801358222964,59.18
-399.73939331054686,59.284696655273436
-401.6189279937744,59.78929763793946
-403.2676544189453,60.867654418945314
-404.0514239501953,62.667379760742186
-404.51,64.5633203125
-404.8,66.49846261918545
-404.79999999999995,68.50574337005615
-404.8,70.50656707763672
-404.79999999999995,72.50653445541857
-404.8146484375,74.4959375
