
170.580703125,74.70992187499999
170.3,72.88255500793457
170.3,70.89788209306076
170.3,68.88171049021884
170.30000000000004,66.8898437778349
170.3,64.8906200696039
170.3,62.8955211742036
170.30000000000004,60.89142976732691
170.3,58.89574334600707
170.3,56.88250009892741
170.3,54.89169139755191
170.3,52.89539654118707
170.3,50.8838531114161
170.3,48.88044726058841
170.3,46.881408182382586
171.25702461242676,45.7
172.05,47.058353662490845
172.74469665527343,48.84300354003907
173.8467858886719,50.462345581054684
174.94444030761719,52.11444030761719
176.02404418945312,53.77404418945312
177.07636283874513,55.45702461242676
178.07905987739565,57.1603390789032
179.1910282897949,58.79554031372071
180.1864220428467,60.5090064239502
181.1900244140625,62.220048828125
182.1962420654297,63.93441223144531
183.2024609375,65.64246093749999
184.2682421875,67.2882421875
185.41204589843753,68.9000244140625
185.53,67.40073905706406
185.53,65.39644102040678
185.53,63.40513928791974
185.53,61.40254354391247
185.53000000000003,59.393623204529284
185.53000000000003,57.4005229658261
185.53,55.411923828125
185.53,53.40118828065228
185.53,51.396097934059796
185.53,49.40195300395135
185.53,47.412677294909955
185.96469116210938,45.7
187.29,46.52969168866053
187.29,48.52119797825813
187.29,50.5330633133091
187.29000000000002,52.53565626152558
187.29000000000002,54.5239367711544
187.29,56.518286774575245
187.29,58.52305878969142
187.29,60.53790259361267
187.29,62.52621460914611
187.29,64.53337204392301
187.28999999999996,66.53395909195766
187.29,68.52342963576316
187.29,70.51928010210395
187.28999999999996,72.52393867479637
187.2612890625,74.5259375
185.53,74.3968603515625
185.15169372558594,72.48338745117186
184.14699645996097,70.76760314941406
183.14363716125487,69.05727432250977
182.1496883392334,67.3593766784668
181.14191349983216,65.63870982170106
180.14022532463076,63.93045064926147
179.143525390625,62.2179736328125
178.1016931152344,60.535303344726564
177.036630859375,58.8833740234375
176.02122009277343,57.159707641601564
175.01871154785155,55.446766967773435
173.97404418945314,53.77404418945312
172.9156628417969,52.12107849121093
172.05,50.9975103701651
172.05,52.99853874579072
172.05,54.991081733682655
172.05,56.99246216684347
172.05,58.996269144963
172.05,60.98479437844827
172.05,62.99679253978655
172.05,64.99719282532111
172.05,66.99929032431915
172.05,68.99560302959755
172.05,70.98479732157662
172.05,72.99664542198181
171.63478950500487,74.71
