
-369.94869140624996,74.70992187499999
-370.23,72.88729873446748
-370.23,70.88966101765632
-370.23,68.8938338829577
-370.23,66.88374288788066
-370.2300000000001,64.89678558966145
-370.23,62.88926345467567
-370.23,60.87865871289745
-370.23,58.88326272794977
-369.84819206237796,57.13
-368.47,57.89555756568909
-368.375824584961,59.67582458496094
-366.7977827453613,58.49050582885742
-364.9724609375,57.71
-363.1154706668854,57.13
-361.1174773991108,57.13
-359.190625,57.42
-357.3486703681946,58.14938844680786
-355.6297523498535,59.138126907348635
-354.39221870422364,60.67556259155273
-353.7584984588623,62.525123825073244
-353.24,64.41337219238281
-353.24,66.40940599873662
-353.24,68.40305686121806
-353.24,70.4030441477336
-353.24,72.40936423078179
-353.24,74.40257087707519
-354.98875,74.51124999999999
-355,72.5286181306839
-355,70.51974850513041
-355,68.51850062407553
-355,66.51705142974853
-355.29,64.58877990722657
-355.73,62.69499999999999
-356.5144482421875,60.8855517578125
-358.16972656250005,59.794921875
-360.04357795715333,59.29129219055176
-362.0082568359375,59.18
-363.94848754882815,59.470000000000006
-365.8075870513916,60.046410675048826
-367.22597059249875,61.37566481590271
-367.89,63.225908203125
-368.3587078094482,65.10741561889648
-368.47,67.08071533203126
-368.47,69.07560629367829
-368.4700000000001,71.08050206661224
-368.47,73.0896900421381
-368.9845960330963,74.71
