
204.876513671875,72.656630859375
206.7217578125,72.07
208.44708274841307,71.12291725158691
209.85495628356932,69.71504371643067
210.96408508300783,68.08182983398439
211.96341521263125,66.36758482933044
212.73312500000003,64.54218750000001
213.35999999999999,62.69053260803223
213.36,60.69230979561806
213.36,58.697870513945816
213.03608476638794,56.76658478736877
212.40323303222655,54.925809936523436
211.5084745514393,53.128645466566084
210.39444030761717,51.48888061523437
209.13902148246765,49.97902148246765
207.6275850200653,48.69681637763977
205.7726202392578,48.05
203.84522818565367,47.75
201.8579630279541,47.79171371459961
199.9817578125,48.34
198.29515191078187,49.34484808921813
196.87938591003416,50.76061408996581
195.8024609375,52.415078124999994
194.79588378906251,54.124165039062504
194.04246093749998,55.9346484375
193.44,57.80284865736961
193.44,59.79833788231015
193.44,61.80874626159668
193.80357795715332,63.7109935760498
194.43646151542663,65.56391842842102
195.32731651306153,67.35324256896973
196.4372607421875,68.984521484375
197.72102855801583,70.49102855801583
199.24475952148438,71.74737976074219
201.114091796875,72.36
203.03102385520936,72.66
201.79111808776855,74.63429733276367
199.9024609375,74.12
198.12089901804922,73.23921355366707
196.5905096435547,71.9968994140625
195.171789560318,70.57278495788574
194.0753125,68.940625
193.06297538757323,67.21595077514648
192.30555969238281,65.40234558105469
191.68,63.5522998046875
191.39000000000001,61.61515597701073
191.38999999999996,59.61974624752998
191.56204589843747,57.6599755859375
192.06364663124086,55.779209222793575
192.69421387672423,53.93157224655151
193.59578612327573,52.128427753448484
194.70492187500003,50.496484375
196.00250854060053,49.00333743453026
197.41314963340758,47.58733268737792
199.1721533679962,46.64739598274231
201.01933822631835,46
202.94833978533745,45.7
204.9411193847656,45.736785888671875
206.80204589843748,46.29
208.60817954301834,47.134089771509174
210.15378356933593,48.35378356933594
211.5762841796875,49.7762841796875
212.69802368164062,51.40151245117188
213.69610268592834,53.11220537185669
214.4642973327637,54.93111808776855
215.11999999999998,56.78046386718751
215.41,58.71532944798469
215.41000000000003,60.71526649475097
215.2717946624756,62.681176376342776
214.775908203125,64.5641162109375
214.14024645805358,66.40950708389282
213.24263752937316,68.20472494125366
212.1340850830078,69.84182983398438
210.85660209655762,71.35339790344239
209.44986228942872,72.76013771057129
207.71221725463866,73.72389137268067
205.86617164611815,74.41
203.9429296875,74.71
