
-339.17337402343753,72.656630859375
-337.3282421875,72.07
-335.60590820312495,71.13590820312501
-334.75323730468745,69.37647460937501
-334.2,67.5102230834961
-334.19999999999993,65.51085693359376
-334.4867431640625,63.5766259765625
-334.993003540039,61.68760314941406
-336.24776382446294,60.20364151000977
-338.07234558105466,59.47
-340.01178305625916,59.18
-342.01251365661625,59.18
-343.872890625,59.77
-345.60641067504883,60.63117637634278
-346.5,62.37323730468749
-347.09,64.22109619140625
-347.09,66.22795879364014
-346.83687499999996,68.16937500000002
-346.3387799072266,70.04970764160157
-345.12620155334474,71.58277015686035
-343.304921875,72.3475390625
-341.3857301604748,72.66
-339.3907183742523,72.66
-343.769375,74.1653125
-345.6019871520996,73.3990064239502
-347.19411621093747,72.25588378906251
-348.2667185497284,70.58656290054321
-348.84,68.7131591796875
-349.14000000000004,66.79175537109376
-349.14,64.78930545806885
-348.78408508300777,62.87624206542969
-348.1511962890625,61.022392578125
-347.0165847873688,59.40658478736878
-345.3711252808571,58.320738389492035
-343.5564106750488,57.55820533752441
-341.6521875,57.13
-339.6507551896572,57.13
-337.7506617736816,57.54466911315918
-335.92746317863464,58.31382699966431
-334.27702461242677,59.392975387573244
-333.13908515930177,61.00182968139649
-332.5072607421875,62.8531591796875
-332.13999999999993,64.77313720703125
-332.14,66.77351253509522
-332.44,68.68877990722656
-332.9988106536865,70.55762130737304
-334.05900642395017,72.2290064239502
-335.65505326271057,73.38566481590271
-337.4911193847656,74.15555969238281
-339.35451027870175,74.70999999999998
-341.355452195406,74.71
