
-318.073486328125,72.656630859375
-316.2282421875,72.07
-314.5099755859375,71.13590820312501
-313.66231445312496,69.37647460937501
-313.1,67.5102230834961
-313.1,65.51085693359376
-313.3867431640625,63.5766259765625
-313.8993933105468,61.68760314941406
-315.1552404022217,60.20364151000977
-316.9823455810547,59.47
-318.91178305625914,59.18
-320.91251365661617,59.18
-322.7633740234375,59.766630859375
-324.5111763763428,60.63117637634278
-325.41,62.37323730468749
-325.99,64.23352020263673
-325.99,66.22795879364014
-325.74531249999995,68.16937500000002
-325.24877990722655,70.04970764160157
-324.0262015533447,71.58277015686035
-322.2053515625,72.3475390625
-320.2706372833252,72.66
-318.2722454833984,72.66
-328.03999999999996,85.06969759806991
-328.0400000000001,83.07384416693822
-328.04,81.07531139368191
-328.04,79.0720498801209
-328.04,77.07136315706418
-328.04,75.06854296359933
-328.04,73.07130458654837
-328.0400000000001,71.07552993893624
-328.04,69.07319798850223
-328.04,67.0799099457264
-328.04,65.07998300677166
-328.04,63.082287186831245
-328.04,61.064762343931946
-328.04,59.073346017643345
-327.85124999999994,57.15109375
-326.29,57.72722146034241
-326.29,59.72921134948731
-324.780243126154,58.573781654834754
-322.98075622558594,57.71
-321.1021875,57.175312500000004
-319.1212583315372,57.13
-317.1773797607422,57.42
-315.34057907104494,58.05765670776368
-313.5820263671875,58.9979736328125
-312.2979388427735,60.50412231445313
-311.64,62.346474609374994
-311.05,64.22109619140625
-311.04999999999995,66.20759857177734
-311.2894858551025,68.15897171020508
-311.66175292968745,70.063505859375
-312.5829042816162,71.84290428161621
-314.07640340805057,73.14320170402527
-315.8617129707336,74.03585648536682
-317.7493382263184,74.53896804809571
-319.69925709128376,74.71
-321.624921875,74.41
-323.51310363769534,73.8944122314453
-325.3090234375,73.0002734375
-326.29,72.70556005060672
-326.29,74.70384532928466
-326.29,76.71244947828352
-326.29,78.7035560530424
-326.28999999999996,80.71328651607037
-326.29,82.71326815329493
-326.29,84.69784847795964
-326.46562500000005,86.63562499999999
