
229.1866259765625,61.2267431640625
231.03175781250002,60.64
232.754091796875,59.7099755859375
233.60676269531248,57.9555517578125
234.15999999999997,56.080223083496094
234.16000000000003,54.08085693359374
233.87,52.1433740234375
233.36699645996094,50.25760314941406
232.1122361755371,48.781118087768554
230.28765441894532,48.05
228.34821694374085,47.75
226.3474863433838,47.75
224.487109375,48.34
222.75358932495118,49.20641067504883
221.86,50.93312499999999
221.27,52.80352020263672
221.27,54.797958793640134
221.523125,56.74781250000001
222.02122009277343,58.61970764160156
223.23379844665527,60.16102828979492
225.05507812500002,60.927109375
226.97426983952522,61.23
228.96928162574767,61.23
219.22,73.09670493463054
219.22000000000003,71.09541044905781
219.22,69.0996236427687
219.22,67.09371906876564
219.22,65.08783360468456
219.21999999999997,63.09998397782445
219.22,61.09922261872561
219.22,59.10315518961521
219.21999999999997,57.095928793916535
219.22,55.086765732641794
219.22,53.095757432132956
219.22,51.09553515936946
219.22,49.094450023025274
219.22,47.09629779336974
219.9690064239502,45.7
220.98,46.844793701171874
221.33792968749998,47.98207031250001
222.97517410278323,46.9024129486084
224.80358932495116,46.13820533752441
226.69500393509864,45.70000000000001
228.69617009162903,45.7
230.59590820312502,46.117954101562496
232.41876925110816,46.88185532927514
234.06940615653994,47.94940615653992
235.22091484069824,49.57182968139648
235.84682075500487,51.41364151000977
236.21,53.327120018005374
236.21,55.32516143798828
235.92,57.26151245117188
235.36118934631347,59.12762130737305
234.3009935760498,60.7990064239502
232.70494673728942,61.959388446807864
230.88647460937497,62.726762695312495
229.00548972129823,63.279999999999994
227.01982300758362,63.28
225.073486328125,62.9867431640625
223.26171545743944,62.22684796571732
221.5620721435547,61.22207214355469
220.98,61.82594042165205
220.98,63.8337255859375
220.98,65.82622509384528
220.98,67.8274769124575
220.98,69.82478938460349
220.98,71.81996832728386
220.98,73.81832031249999
219.72379844665528,74.71
