
-297.27348632812493,72.656630859375
-295.42824218749996,72.07
-293.7099755859375,71.13590820312501
-292.862314453125,69.37647460937501
-292.3,67.5102230834961
-292.3,65.51085693359376
-292.58674316406245,63.5766259765625
-293.0993933105469,61.68760314941406
-294.3552404022217,60.20364151000977
-296.1823455810547,59.47
-298.1117830562591,59.18
-300.1125136566162,59.18
-301.96337402343755,59.766630859375
-303.7111763763428,60.63117637634278
-304.61,62.37323730468749
-305.19,64.23352020263673
-305.19,66.22795879364014
-304.9453125,68.16937500000002
-304.44877990722654,70.04970764160157
-303.2262015533447,71.58277015686035
-301.4053515625,72.3475390625
-299.4706372833252,72.66
-297.4722454833984,72.66
-292.01000000000005,85.07904606282712
-292.01,83.08134112648668
-292.01,81.08286602020263
-292.01,79.08173244476319
-292.01,77.07227226607502
-292.01,75.08032656610011
-292.01,73.07976731479167
-292.7119188690185,72.77191886901855
-294.45081388235093,73.73040694117546
-296.2966796875,74.41
-298.22319846510885,74.71
-300.2166259765625,74.70663085937498
-302.0879541015625,74.11999999999999
-303.89215336799623,73.30739598274232
-305.4602923583984,72.09970764160155
-306.4733746337891,70.39325073242188
-306.95,68.51363716125488
-307.24,66.58554523468018
-307.24,64.59162109375
-306.80499999999995,62.69499999999999
-306.1685424041748,60.8370848083496
-304.9801953125,59.2601953125
-303.28390802502634,58.22413254022598
-301.4721875,57.4653125
-299.54513764739033,57.13
-297.5503955078125,57.13
-295.6568408203125,57.64273925781251
-293.84176757812503,58.410048828125
-292.23206115722655,59.54793884277344
-292.01,58.08712975502015
-290.8352404022217,57.13
-290.25,58.69777457609773
-290.25,60.70698669746519
-290.25,62.70638478508219
-290.25,64.70459541714983
-290.25,66.70265547199408
-290.25,68.70032189933583
-290.25,70.7057367375982
-290.25,72.6979273959459
-290.25,74.69714992751136
-290.25,76.69657678170363
-290.25,78.70671601921087
-290.25,80.70761604055762
-290.25,82.71024720191956
-290.2246484375,84.6575390625
-288.34499999999997,84.08
-287.32000000000005,84.78055809020996
-288.3585760498047,86.13
-290.22464843750004,86.7075390625
