
253.7966259765625,72.656630859375
255.64175781249997,72.07
255.1570848083496,70.79708480834961
254.38,69.1141362762451
255.6586670207977,68.26
257.2130312347412,69.33303123474121
258.63,69.87
259.79297103881834,68.27358932495117
260.7975870513916,66.56006019592286
261.555,64.745
262.28999999999996,62.91126072883606
262.29,60.91593758583069
262.29,58.91265778183937
262.0635779571533,56.97099357604981
261.41,55.12531249999999
260.5352404022217,53.32300422668457
259.4646966552734,51.66830688476563
258.2124934864044,50.12249348640441
256.746318359375,48.7931591796875
254.9219445800781,48.05
252.98936462402347,47.75
250.98589843750003,47.75
249.13492187500003,48.32753906250001
247.38036608338354,49.18963391661644
245.9660015964508,50.60399840354919
244.82795410156248,52.204091796875005
243.82129017829894,53.93253682136535
243.0583068847656,55.74699645996094
242.37,57.580692281723024
242.37,59.58945669054985
242.37,61.5844538116455
242.63284790039063,63.520227661132814
243.27030754089355,65.3707886505127
244.16033907890318,67.15845883369445
245.253125,68.803125
246.49512719154356,70.33512719154358
247.9847104644775,71.65382835388185
249.8268408203125,72.36
251.75501729011538,72.66
253.7570947265625,72.66
249.040419921875,74.12
247.23620351791382,73.33310175895691
245.66356803894044,72.14356803894043
244.2425,70.72250000000001
243.08595581054686,69.11284790039062
242.08870982170106,67.4074196434021
241.3246691131592,65.58363716125488
240.61,63.7620947265625
240.32,61.82608416557312
240.32,59.8209263908863
240.3992437744141,57.84877990722657
240.905,55.955
241.54027343750002,54.09945312500001
242.4344122314453,52.31117553710938
243.54325683593748,50.673486328125
244.7831005859375,49.1468994140625
246.20721504211426,47.72278495788574
247.9119871520996,46.7390064239502
249.74444824218753,46
251.6761683499813,45.7
253.66410156249998,45.7
255.52464843750002,46.2775390625
257.3548610651493,47.0442074239254
258.9366175556183,48.20945640563965
260.34980870604517,49.62802090644837
261.5279541015625,51.215908203125
262.53705955863,52.93411911725998
263.3014239501953,54.75737976074219
264.04999999999995,56.57781249999999
264.34000000000003,58.51358881950378
264.34,60.51276756286621
264.29468749999995,62.49218749999999
263.7963628387451,64.37297538757323
263.1568603515625,66.23627929687498
262.26549111008643,68.01901777982712
261.17591491699216,69.67215698242188
259.9244921875,71.21234375
260.50288554191593,72.63046482086182
260.806328125,74.4959375
258.9546515655517,74.59465156555176
257.524375,73.2778125
255.72204589843753,74.11999999999999
253.8444482421875,74.682314453125
251.85196434020997,74.71
