
276.946513671875,61.516743164062504
278.81182983398435,60.94
280.6765847873688,60.383915233612065
282.1099136924744,59.08689824104309
282.8,57.236484375
283.09000000000003,55.30670459747314
283.09,53.311256408691406
282.71802368164066,51.401512451171875
281.9580554199219,49.586766967773436
280.3532017040253,48.437426500320434
278.4735779571533,47.93487014770508
276.5078350830078,47.75
274.58348632812493,48.05
272.707603149414,48.553003540039064
271.22364151000977,49.80524040222168
270.49,51.632345581054686
270.08870780944824,53.54642204284668
269.91,55.49833097934722
269.91,57.5056670075655
269.91,59.49526217937469
269.99875000000003,61.46640625
272.0061963105202,61.519999999999996
274.00334464311595,61.52
276.0028318786621,61.52
268.15,73.82962559668347
268.15,71.83869484052062
268.15,69.82966463338816
268.15,67.83864094042917
268.15,65.82825642919866
268.15,63.831164598464966
268.15,61.824893198627976
268.15,59.83049267860129
268.15,57.82212803122354
268.15,55.83679550984176
268.15,53.83836278304457
268.15,51.83492446056334
268.15,49.83149901032448
268.15,47.83126628630562
268.215693359375,45.854384765625
269.91,46.100546875
269.9100000000001,48.10707696914673
271.2523087000847,47.228845649957655
273.04112661361694,46.33443669319153
274.9126202392578,45.83595581054688
276.8843931293488,45.7
278.81182983398435,46
280.67932184219364,46.549660921096795
282.47372070312497,47.4468603515625
283.8159375,48.904999999999994
284.55,50.7400244140625
285.08408508300784,52.618170166015624
285.14,54.5930725479126
284.9882053375244,56.558823623657226
284.55,58.455478515625
283.72196190834046,60.265111541748055
282.284052734375,61.628896484375
280.50527505874635,62.525886936187746
278.6078125,63.0353125
276.6680128479004,63.28
276.5450171005726,64.05501710057258
277.9117578125,65.5166796875
279.1977685546875,67.0077685546875
280.6197620487213,68.42976204872132
282.02554188728334,69.83554188728333
283.27918457031245,71.37918457031249
284.6850385570526,72.7850385570526
285.0691015625,74.5784375
283.28050582885743,74.31389137268066
282.03481002807615,72.77481002807617
280.612421875,71.352421875
279.36778274536135,69.81439720153809
277.95936998367307,68.39996558189392
276.70739598274236,66.86045064926148
275.4641442871094,65.32414428710938
274.1482053375244,63.851176376342764
272.4428094482422,63.28
270.4303009033203,63.28
269.90999999999997,64.88835952155293
269.91,66.8812585067749
269.91,68.89473092377186
269.91,70.89056264221668
269.91,72.87988378942012
269.5968603515625,74.71
