
-283.51929687500007,74.70992187499999
-283.8,72.88729873446748
-283.8,70.88966101765632
-283.8,68.8938338829577
-283.8,66.88374288788066
-283.8,64.89678558966145
-283.8,62.88926345467567
-283.8,60.87865871289745
-283.8,58.89802970185876
-283.41819206237795,57.13
-282.05,57.91837455749511
-281.95582458496096,59.67582458496094
-280.3743972015381,58.49050582885742
-278.5567626953125,57.71
-276.69757263183595,57.13
-274.6874773991108,57.13
-272.7621875,57.42
-270.93195758104326,58.14268805742264
-269.20187309265134,59.138126907348635
-267.98234375000004,60.676249999999996
-269.85164916992187,60.94
-271.45785454750063,59.934653301239024
-273.3311193847656,59.43444030761719
-275.27066685676573,59.18
-277.2231591796875,59.4027392578125
-279.093681640625,59.904521484375
-280.6620369720459,61.102683486938474
-281.42444030761715,62.91765441894531
-281.7867858886719,64.82111938476562
-282.04999999999995,66.76875299274921
-282.04999999999995,68.76275866985321
-282.05,70.76913519382477
-282.05,72.76568049967288
-282.24859374999994,74.67874999999998
