
-261.25651367187504,74.70663085937498
-263.1083068847656,74.12
-264.18,72.805
-263.177978515625,72.07
-261.303525390625,72.63231445312499
-259.31196434020995,72.66
-257.3936371612549,72.36
-255.54284408569333,71.70642204284668
-253.80241497993467,70.83923135757446
-253.1623602294922,69.30763977050782
-254.7082421875,68.0617578125
-256.4653747558594,67.13731262207031
-258.3563628387451,66.6289680480957
-260.20239685058596,66.00060668945312
-262.0226695537567,65.2414575958252
-263.5220611572266,64.00840110778809
-264.18,62.18146118164063
-263.81179283142086,60.2817928314209
-262.3901715087891,58.86017150878905
-260.6867626953125,58.01
-258.77699691772455,57.6484984588623
-256.8901898479462,57.129999999999995
-254.90436910033225,57.13
-252.96888061523438,57.45555969238281
-251.29,58.3631640625
-251.72500000000002,60.06
-253.5378125,59.470000000000006
-255.46958793640138,59.18
-257.435,59.325
-259.30797363281255,59.823525390625
-261.058896484375,60.6944482421875
-262.42,61.89830627441406
-261.30002441406253,63.397954101562505
-259.5955986022949,64.40220069885254
-257.73662597656255,65.03674316406251
-255.8782421875,65.63
-254.0485009765625,66.2912109375
-252.29595581054687,67.24857604980468
-251.35826744079588,69.00189575195313
-251.3303232574463,70.98064651489258
-252.59298852562904,72.49792993307113
-254.13300354003906,73.64469665527344
-256.0297723388672,74.12
-257.94300354003906,74.51830688476562
-259.8879323673248,74.71
