
291.28581176757814,74.70578308105469
289.87857681274414,73.28890953063964
289.9044531249999,71.33077148437499
291.34237869262694,72.41237869262696
293.1245442676544,72.95
295.11709139600396,72.95
297.12254631996154,72.95
299.04151245117185,72.66
300.906474609375,72.09676269531249
302.66590820312496,71.24409179687501
303.6,69.524921875
304.18,67.6546484375
304.48,65.72610862731933
304.0214239501953,63.83737976074219
303.2773797607422,62.082847900390625
301.51711916834114,61.230000000000004
299.5213477492332,61.23
297.50693901270625,61.23
295.51838366616516,61.22999999999999
293.51777175456283,61.230000000000004
291.62600227355955,60.81061828613281
290.27,59.47
289.63818077087404,57.61974708557129
289.24,55.71538776397705
289.24,53.71051624298096
289.54,51.78642204284668
290.07046386718747,49.909072265625
291.1061086273193,48.23389137268067
292.6984184455872,47.05079077720642
294.51663085937497,46.29
296.38181824684136,45.70000000000001
298.36896776154634,45.7
300.37559751326216,45.7
302.38509856343273,45.7
304.3156591796875,45.835659179687504
305.65,47.285478515625
305.4475,49.19265625
304.008203125,47.86820312500001
302.1736083984375,47.46
300.1653815746307,47.46
298.179636400938,47.459999999999994
296.24507812499996,47.762890625
294.3840441894531,48.34
292.6730035400391,49.30060668945312
291.83468750000003,51.07062499999999
291.29,52.929747085571286
291,54.865403966903685
291.5377439880371,56.73722984313965
292.3369969177246,58.46699691772461
294.14377189636235,59.18
296.15098804593083,59.17999999999999
298.14660572702064,59.18
300.1477774715423,59.17999999999999
302.1452880859375,59.18000000000001
304.0337992858887,59.691899642944335
305.29207031249996,61.10414062500001
305.9275390625,62.9646484375
306.23,64.88934627532959
306.23,66.88125751495362
305.94,68.8246484375
305.32232048034666,70.67535903930664
304.22610268592837,72.32389731407164
302.60338843464854,73.4461853325367
300.7891178894043,74.20544105529784
298.89957756996154,74.71
296.912100263834,74.71000000000001
294.8977903832495,74.71
292.909793985635,74.71
