
318.82130859374996,74.70992187499999
318.54,72.88088809791952
318.53999999999996,70.8972557740286
318.54,68.88603076696396
318.54,66.89499097239693
318.54,64.8792374800099
318.54,62.890959291416216
318.54,60.88474253538996
318.5400000000001,58.882476951801216
318.54,56.88756065819412
318.54,54.89439074754715
318.54,52.89031616210937
318.54,50.886637103594836
318.54,48.895546875
317.81848291635515,47.459999999999994
315.81803373247385,47.46
313.8174144554138,47.46
311.820625,47.46
310.34,46.82528953552246
311.347578125,45.7
313.35031131237747,45.70000000000001
315.3485868917033,45.7
317.3503419143334,45.7
319.3468383760378,45.7
321.34808639913797,45.7
323.35115096058695,45.7
325.34871091127394,45.7
327.3475,45.70234375
327.365,47.455625
325.3623943778872,47.459999999999994
323.37032890081406,47.46000000000001
321.36316370010377,47.459999999999994
320.3,48.533444981090724
320.3,50.52764058019966
320.3,52.53166023754981
320.3,54.52915967826266
320.3,56.534882416692554
320.3,58.536000394928266
320.29999999999995,60.5333979806304
320.30000000000007,62.54185884915758
320.3,64.53961895775515
320.3,66.53732824126723
320.3,68.52634583305567
320.3,70.53340710610152
320.3,72.53532057017088
320.2712890625,74.5259375
