
-234.59651367187502,74.70663085937498
-236.4483068847656,74.12
-238.26520803451538,73.30739598274232
-239.81785454750062,72.11214545249939
-240.83469947814942,70.41060104370116
-241.32,68.52737976074218
-241.62,66.58563710004093
-241.61999999999998,64.5826412394643
-241.62,62.591959318257864
-241.62,60.59460614174604
-241.62,58.591010515689845
-243.2007304763794,58.01
-245.19904296875,58.010000000000005
-245.63562499999998,56.43499999999999
-243.7112466430664,56.25
-241.743046875,56.169765625
-241.62,54.20227898657322
-241.61999999999998,52.208743505105375
-241.62,50.209500239267946
-241.62,48.21044681549073
-241.62,46.20802875518799
-240.03625,45.7990234375
-239.86,47.723528905585404
-239.86,49.72290010564029
-239.86000000000004,51.72162109710276
-239.86,53.72478158771992
-239.86,55.71379638671875
-238.2875262570381,56.25
-236.2760008239746,56.25
-234.3608984375,56.443749999999994
-234.83019575119022,58.010000000000005
-236.83233723908666,58.01
-238.83518384933473,58.00999999999999
-239.86,59.116226005554196
-239.86,61.12197482585907
-239.86,63.11740400791168
-239.86,65.12750436365604
-239.5824609375,67.06464843750001
-239.2140850830078,68.96182983398438
-238.4444482421875,70.7920263671875
-236.86558776855466,71.95624206542968
-234.98648437499997,72.454921875
-233.0392038166523,72.66
-231.10871154785156,72.37968383789062
-229.2975390625,71.77999999999999
-228.73000000000002,73.35974914550782
-230.32151245117188,74.33075622558593
-232.2249334716797,74.71
-234.23072448730468,74.71
