
338.453486328125,74.70663085937498
336.6082421875,74.11999999999999
334.7847919654846,73.30739598274232
333.22498430252074,72.11214545249939
332.21308119773863,70.41060104370116
331.72,68.52737976074218
331.43,66.59002782776953
331.43000000000006,64.59680867269635
331.43,62.5970032298565
331.43,60.596160162705935
331.43,58.59565510926769
331.43,56.58595817565919
331.43000000000006,54.59964852705598
331.43,52.59301644191146
331.43,50.59777038574219
331.43,48.59358033016324
331.43,46.60247481703758
332.6754039669037,45.7
333.19,47.345062255859375
333.19000000000005,49.33930430561304
333.18999999999994,51.33261863142252
333.19,53.34306759387255
333.19,55.33518983202521
333.19,57.3442125468282
333.18999999999994,59.33009481430054
333.19,61.34021981700789
333.19,63.34180133789778
333.19,65.33909446001053
333.47999999999996,67.2766796875
333.9340441894531,69.16715209960937
334.7223455810547,70.97111938476563
336.3810784912109,72.05541564941406
338.2506066894531,72.55169311523437
340.1655517578125,72.94999999999999
342.0180554199219,72.36
343.88900642395015,71.84357795715331
345.36749215126036,70.56785454750062
346.08,68.73624206542969
346.49466911315915,66.83636283874512
346.6600000000001,64.87426417414099
346.66,62.87042362673674
346.66,60.87116987351328
346.66,58.8665566444397
346.66,56.880261610262096
346.66,54.872369043529034
346.6600000000001,52.868964750901796
346.65999999999997,50.87120949465316
346.66,48.87202251609415
346.66,46.880859375
347.62702461242674,45.7
348.42,47.06185479493812
348.42,49.067360739540305
348.42,51.062760882454455
348.42,53.05919947003945
348.4200000000001,55.06721281632781
348.4200000000001,57.06539759039878
348.41999999999996,59.06165472302353
348.42,61.05767643119907
348.41999999999996,63.0591345979832
348.41999999999996,65.0681542810984
348.4200000000001,67.05677216121927
348.42,69.06629630923271
348.42,71.06746961316094
348.42,73.05883921621367
347.9262015533447,74.71
346.66,73.867275390625
346.50845756530765,72.22328430175781
344.9149467372894,73.38566481590271
343.09555175781253,74.1467626953125
341.2324704742432,74.70999999999998
339.2298230075836,74.71
