
-217.896513671875,74.70663085937498
-219.7483068847656,74.12
-221.5652080345154,73.30739598274232
-223.1178545475006,72.11214545249939
-224.1346994781494,70.41060104370116
-224.63,68.52737976074218
-224.92,66.58200027465821
-224.92000000000002,64.5877481012419
-224.92,62.59508737463504
-224.92,60.582056644856934
-224.92,58.59695245742798
-224.2436238670349,57.13000000000001
-223.16000000000003,58.1941556930542
-223.16000000000003,60.193637199401856
-223.16,62.19931542694569
-223.15999999999997,64.19699458502234
-223.16000000000003,66.19789215087891
-222.664921875,68.076484375
-222.1681701660156,69.9555877685547
-221.00202636718748,71.53444824218751
-219.17182983398436,72.3040850830078
-217.2686223602295,72.66000000000001
-215.27356132507325,72.66
-213.3866796875,72.1617578125
-211.595478515625,71.345478515625
-210.55999999999997,69.683125
-210.03591491699217,67.79182983398438
-209.68,65.87589482784271
-209.68,63.87368778705597
-209.68,61.88019896566868
-209.68,59.87717875659466
-209.68,57.882761759758
-208.29676696777344,57.13
-207.93,58.91285857601092
-207.93,60.91973838521167
-207.93,62.91270310835913
-207.93,64.92151755332947
-207.93,66.90848244667053
-207.93,68.91729689164087
-207.93,70.91026161478833
-207.93,72.91714142398908
-208.2702734375,74.71
-209.68000000000004,74.00240310668944
-209.72731262207031,72.1173126220703
-211.30355468750003,73.32019531249999
-213.1082421875,74.12
-214.96840515136716,74.71
-216.9629296875,74.71
