
360.7274755859375,74.7074755859375
359.5122857666016,73.15457153320311
358.7472607421875,71.3268408203125
358.1167626953125,69.48444824218751
357.5,67.633125
357.05999999999995,65.73469665527344
356.61615722656245,63.842314453125
356.1079779052734,61.95142395019531
355.6064453125,60.072460937500004
355.15999999999997,58.182045898437494
354.72,56.2767626953125
354.2325390625,54.3982421875
353.732470703125,52.5072607421875
353.26,50.63468749999999
352.82,48.724921875
352.52000000000004,46.81021428108215
353.5543351840973,45.7
354.65898925781255,47.0520458984375
355.16,48.9424609375
355.53898925781255,50.85797851562499
356.04,52.733369140625
356.48,54.62595581054688
356.91355468750004,56.5275390625
357.36,58.4179541015625
357.8,60.3046875
358.24,62.2017578125
358.68,64.1146875
359.12,66.00400733947754
359.517529296875,67.9027392578125
360.0247900390625,69.7972607421875
360.52218750000003,71.66437499999999
361.4233203125,71.853359375
361.921875,69.97468749999999
362.48,68.11500000000001
362.92,66.20545768737793
363.29,64.30499999999999
363.79398437500004,62.412890625
364.1634460449219,60.50857604980469
364.66708007812497,58.617685546875
365.12,56.73169311523438
365.53656250000006,54.8353125
366,52.935078125
366.44,51.047260742187504
366.88,49.1527392578125
367.32,47.2617578125
368.2755877685547,45.7
369.52000000000004,46.603979873657224
369.266875,48.539375
368.78,50.435312499999995
368.3399999999999,52.322045898437494
367.893984375,54.21246093750001
367.39000000000004,56.105000000000004
366.8938427734375,57.982314453125
366.43999999999994,59.8879541015625
366,61.77312500000001
365.5125390625,63.664921875
365.0174609375,65.535078125
364.54,67.426875
363.94999999999993,69.285
363.36,71.1446875
362.6196883392334,72.9706233215332
361.4475,74.57249999999999
