
-197.3825244140625,74.7074755859375
-198.5973884010315,73.14940615653991
-199.2317578125,71.296484375
-199.99464843750002,69.480703125
-200.6,67.633125
-201.2572607421875,65.7831591796875
-201.88375793457033,63.93441223144531
-202.65,62.1067431640625
-203.2873884010315,60.259406156539924
-203.82,58.3923250579834
-202.945,57.13
-201.7432373046875,58.354448242187495
-201.19,60.2320458984375
-200.6,62.0832373046875
-200.02,63.94924377441406
-199.43,65.8020458984375
-198.84,67.675
-198.26000000000002,69.524921875
-197.67,71.38974708557129
-197.08663085937502,73.233486328125
-196.5,71.3766796875
-195.91,69.51197631835939
-195.33,67.64737976074218
-194.74,65.78857604980469
-194.16,63.9153125
-193.56999999999996,62.064687500000005
-192.98,60.205000000000005
-192.4124609375,58.325351562499996
-191.21129017829895,57.129999999999995
-190.35,58.4248828125
-190.90050002098084,60.286584787368774
-191.5324609375,62.135351562500006
-192.29722984313963,63.95620155334473
-192.9240850830078,65.80624206542969
-193.57,67.66710937500001
-194.19805541992187,69.50742309570313
-194.9642973327637,71.33364151000977
-195.59284790039064,73.19022766113281
-196.8153515625,74.71
