
-179.51252441406248,74.7074755859375
-180.7273884010315,73.14940615653991
-181.3617578125,71.296484375
-182.115078125,69.480703125
-182.73,67.633125
-183.3872607421875,65.7831591796875
-184.01375793457032,63.93441223144531
-184.78,62.1067431640625
-185.4132054424286,60.259406156539924
-185.95,58.3923250579834
-185.07500000000002,57.13
-183.87323730468748,58.354448242187495
-183.32,60.2320458984375
-182.73,62.0832373046875
-182.14,63.9372607421875
-181.56,65.8020458984375
-180.97,67.675
-180.39,69.524921875
-179.8,71.38974708557129
-179.20674316406252,73.233486328125
-178.63,71.3766796875
-178.04000000000002,69.51197631835939
-177.46000000000004,67.64737976074218
-176.87,65.78857604980469
-176.29,63.9153125
-175.7,62.064687500000005
-175.11,60.205000000000005
-174.5424609375,58.325351562499996
-173.346162109375,57.13
-171.89,58.0772607421875
-171.35784301757815,59.946242065429686
-170.7232568359375,61.813374023437504
-170.224921875,63.6833203125
-169.5953125,65.5378125
-168.95999999999998,67.3866259765625
-168.45924377441406,69.27151245117187
-167.8255596923828,71.11888061523437
-167.322021484375,73.004091796875
-166.62,71.6431591796875
-166.0567626953125,69.783525390625
-165.45,67.93128845214844
-164.9272607421875,66.054521484375
-164.28968383789064,64.19871154785156
-163.79469665527344,62.32300354003906
-163.15591491699217,60.46375793457031
-162.65820533752444,58.581176376342775
-161.61029235839842,57.13
-160.46,58.137774839401246
-160.88872079849241,60.029660921096806
-161.64,61.8467626953125
-162.2868163776398,63.697585020065304
-162.91469665527345,65.54300354003905
-163.6833740234375,67.3668603515625
-164.26999999999998,69.2317578125
-164.94544105529786,71.0708821105957
-165.5787207984924,72.9196609210968
-166.72337463378906,74.52337463378906
-168.31094787597655,73.89905212402344
-169.09142395019532,72.09715209960937
-169.733515625,70.236640625
-170.43,68.405
-171.12282934188843,66.56739598274231
-171.75857604980467,64.71737976074219
-172.48000000000002,62.8982421875
-173.06,61.0317578125
-173.6532568359375,62.1166259765625
-174.41624206542969,63.93441223144531
-175.0427392578125,65.7831591796875
-175.7,67.633125
-176.31492187499998,69.480703125
-177.07455894470215,71.30911788940429
-177.70933822631838,73.16297538757324
-178.9266259765625,74.71
