
381.8174755859375,74.7074755859375
380.6022857666016,73.15457153320311
379.8372607421875,71.3268408203125
379.207685546875,69.48444824218751
378.6,67.633125
378.16,65.7217578125
377.7061572265625,63.842314453125
377.19797790527343,61.95142395019531
376.69644531250003,60.072460937500004
376.25,58.182045898437494
375.80999999999995,56.2767626953125
375.33253906249996,54.3982421875
374.8247900390625,52.5072607421875
374.35,50.63468749999999
373.91,48.724921875
373.62,46.81021428108215
374.65760314941406,45.7
375.75945678710934,47.065303344726566
376.25,48.9424609375
376.633056640625,50.85797851562499
377.13000000000005,52.742890624999994
377.57,54.64000000000001
378.00398437499996,56.5275390625
378.45000000000005,58.4179541015625
378.89,60.3232373046875
379.33,62.214696655273436
379.77,64.1146875
380.21,66.00400733947754
380.62107849121094,67.91408508300782
381.122470703125,69.7972607421875
381.62577520370485,71.67485300064087
382.5133203125,71.853359375
383.01343749999995,69.97468749999999
383.5799999999999,68.10142395019531
384.02,66.20545768737793
384.3920220947266,64.29142395019531
384.89355468749994,62.412890625
385.265,60.495000000000005
385.7661572265625,58.617685546875
386.21,56.717978515625
386.6328332519531,54.82555969238281
387.09,52.935078125
387.53,51.047260742187504
387.97,49.140756225585946
388.40999999999997,47.2372607421875
389.3696875,45.7
391.0570289611817,46.303589324951176
391.56,48.19500000000001
392.057080078125,50.072314453125
392.426943359375,51.9779541015625
392.928125,53.863125
393.38999999999993,55.7521875
393.808125,57.6646875
394.27,59.539580078125
394.6752099609375,61.452739257812496
395.15,63.3472607421875
395.59,65.2382421875
395.9147900390625,67.1572607421875
396.47,69.0220458984375
396.916015625,70.9124609375
397.67871154785155,72.58257690429687
398.37,70.74142395019533
398.813369140625,68.84337402343749
399.4,66.98530334472657
399.69000000000005,65.0524609375
400.1910107421875,63.1620458984375
400.691078491211,61.28591491699218
401.0574609375,59.3782421875
401.5652099609375,57.4872607421875
401.9309881591797,55.58075622558594
402.425703125,53.704921875
402.91,51.813125
403.29945678710936,49.90830688476562
403.7900000000001,48.022314453125
404.3068207550049,46.146358489990234
406.0081640625,45.8587890625
406.14,47.79862976074219
405.6110107421875,49.682045898437494
405.1116845703125,51.556743164062496
404.67,53.45142395019531
404.23,55.357539062499995
403.73945678710936,57.23469665527343
403.242470703125,59.11273925781251
402.77,61.0072607421875
402.33,62.8982421875
401.8665625,64.79531250000001
401.3610107421875,66.677978515625
400.8567431640625,68.5566259765625
400.233125,70.4021875
399.5958245849609,72.25835083007811
398.6403271484375,73.9996728515625
397.0520721435547,74.41207214355468
395.94792968749994,72.78585937499999
395.3,70.9267626953125
394.68323730468745,69.0855517578125
394.04797790527346,67.22142395019532
393.5464453125,65.342890625
393.1000000000001,63.452045898437504
392.65999999999997,61.547685546875
392.17253906250005,59.675078125
391.6647900390625,57.77958007812501
391.2,55.890419921875
390.76,54.0017578125
390.29656249999994,52.104687500000004
389.6825390625,51.361757812499995
389.1874609375,53.2282421875
388.71,55.12531249999999
388.27,57.012045898437506
387.8161572265625,58.9167626953125
387.31499999999994,60.79
386.8138427734375,62.672314453125
386.36,64.572021484375
385.92,66.4546875
385.34,68.3272607421875
384.75,70.1920458984375
384.16,72.0575390625
383.28011718749997,73.83988281250001
