
409.6413085937499,74.70992187499999
409.60468749999995,72.99531250000001
410.5186959278584,71.2126081442833
411.6320611572266,69.57587768554687
412.62890953063965,67.8725136566162
413.5275939428807,66.08125833153724
414.52662536621096,64.37674926757812
415.53175292968746,62.656494140625
416.4459149169922,60.882156982421876
416.43531249999995,59.2253125
415.5198828125,57.439765625
414.52662536621096,55.74325073242188
413.5192962646484,54.022202758789064
412.62240891456605,52.23452933311462
411.62302345275884,50.526046905517575
410.5125962734222,48.895192546844484
409.65,47.093233032226564
410.39900642395014,45.7
411.7931017589569,46.766203517913816
412.75382835388183,48.51382835388184
413.80018119812013,50.183201246261596
414.7995750208199,51.89794380798936
415.6939912092685,53.684428635835644
416.58933405354617,55.472764343172315
417.48634864807127,57.26443916320801
418.38833256363864,58.11396041750909
419.2828100673854,56.327353119999174
420.1777076376974,54.539906791895625
421.0667242760956,52.76420689210295
421.9724609375,50.96710937499999
422.9685944366455,49.250976972579956
424.0704506492615,47.62520803451538
425.0214239501953,45.864044189453125
426.64,46.16268348693848
426.19099357604983,48.06801284790039
425.2071520996094,49.777379760742186
424.1966253662109,51.486749267578126
423.1911477255821,53.19125833153724
422.29857681274416,54.982513656616206
421.2930234527588,56.70395309448242
420.2985424041749,58.40291519165039
419.3467626953125,60.11352539062501
420.35,61.82
421.35361369132994,63.537227382659914
422.35499959945673,65.25071837425232
423.248046875,67.0429296875
424.2504638671875,68.740927734375
425.286484375,70.4233203125
426.25040694117547,72.17081388235093
426.93999999999994,73.9609935760498
425.54841964721675,74.71
424.45361310601237,73.26216761946678
423.46066177368164,71.52636283874511
422.4541015625,69.838203125
421.446166447401,68.1123328948021
420.55212144359945,66.32424288719893
419.65581288337705,64.53162576675415
418.7621424138546,62.74428482770921
417.8698416031897,62.08031679362058
416.9757859827578,63.868428034484396
416.08332249494265,65.65335501011461
415.18556248664856,67.44887502670288
414.2727392578125,69.2072607421875
413.29236022949215,70.94527954101562
412.1810485839844,72.58063537597656
411.28748056411746,74.37389174461364
