
-156.369296875,74.70992187499999
-156.41001525878906,72.99001525878906
-154.99996188282967,71.57996188282966
-153.58460632324218,70.1646063232422
-152.34000080108643,68.63928162574769
-150.9192543411255,67.21366959571839
-149.75546875,65.7941015625
-151.15841522216797,64.38635047912598
-152.56289062500002,62.9646484375
-153.8212819544971,61.428718045502904
-155.2304568184912,60.01954318150878
-156.6490704345703,58.600929565429695
-155.9898046875,57.129999999999995
-154.34443751335147,57.975562486648556
-152.9296728515625,59.39032714843751
-151.52470410346984,60.79529589653015
-150.2738316500187,62.33616834998131
-148.85436910033226,63.755630899667736
-147.45072873115538,63.74072873115539
-146.03063537597654,62.320635375976565
-144.7859246480465,60.785924648046496
-143.368330398798,59.36833039879799
-141.95671325564382,57.95671325564385
-140.30471046447752,57.13
-139.7027880859375,58.6327880859375
-141.11126639679074,60.041266396790746
-142.5282020175457,61.4582020175457
-143.7784051513672,62.99840515136719
-145.1835055243969,64.4035055243969
-146.6025136566162,65.82251365661621
-145.38925709128378,67.23074290871621
-143.97139076590537,68.64860923409461
-142.71726660370825,70.18273339629174
-141.29789421081543,71.60210578918458
-139.88692292213437,73.0130770778656
-140.01027343750002,74.71
-141.7527017521858,74.08729824781418
-143.16798834234476,72.67201165765525
-144.58034281164407,71.25965718835592
-145.82284156799315,69.71715843200683
-147.23665611267091,68.30334388732909
-148.64421669006347,67.86421669006347
-150.0646128177643,69.28461281776428
-151.2989563012123,70.81895630121231
-152.7104285621643,72.2304285621643
-154.1341481232643,73.6541481232643
-155.69297538757323,74.71
