
-131.7566259765625,86.71674316406249
-133.6017578125,86.13000000000001
-134.68,84.81500000000001
-133.7082421875,84.08000000000001
-131.8421875,84.62468750000001
-129.9163486480713,84.96
-127.91312562823296,84.96
-125.97699645996093,84.66999999999999
-124.09363716125489,84.2089680480957
-122.2979630279541,83.4179630279541
-121.21651367187499,81.7531396484375
-120.7117578125,79.873515625
-120.33000000000001,77.97007662773132
-120.33,75.97078921318054
-120.33,73.97032691955566
-120.39905212402346,72.13905212402344
-121.9762035179138,73.33310175895691
-123.79468750000001,74.12
-125.65085563659667,74.71
-127.65090338826178,74.71
-129.57699691772459,74.41
-131.41513893485072,73.70420742392541
-133.14459603309632,72.73540396690369
-134.38814491271972,71.20371017456054
-135.02531249999998,69.339375
-135.56,67.46570531845093
-135.55999999999997,65.47897259026766
-135.56,63.477261781990535
-135.56,61.47502367019654
-135.56,59.4716049733758
-135.56,57.465743465423586
-133.85859375,57.3325
-133.8,59.32346554458141
-133.80000000000004,61.32343292236328
-133.8,63.31149937592447
-133.8,65.31294857025146
-133.50999999999996,67.25122009277344
-133.07500000000002,69.14
-132.2855517578125,70.953525390625
-130.64290428161624,72.03827903747558
-128.75642204284668,72.54487014770507
-126.7917431640625,72.66
-124.85877990722658,72.36000000000001
-122.9924129486084,71.78882362365724
-121.57402940750121,70.4643351840973
-120.91,68.62357795715332
-120.4479541015625,66.7399755859375
-120.33,64.76002821423113
-120.33,62.75439370632172
-120.33,60.762373915389176
-120.33,58.75978527069091
-119.81248413085937,57.13
-118.57,58.038870580047366
-118.57,60.0291788488091
-118.57,62.03435839533806
-118.56999999999998,64.02638639822369
-118.57,66.0301634581387
-118.57,68.0332167816162
-118.57,70.03539682926377
-118.57,72.0259293448925
-118.57,74.02713855833048
-118.57,76.0374998418428
-118.57,78.03432452814653
-118.72179466247559,79.99358932495116
-119.16,81.895478515625
-119.99268737792968,83.69537475585939
-121.425947265625,85.0679736328125
-123.20472494125366,85.95736247062683
-125.09111938476562,86.46555969238281
-127.0263916015625,86.72
-129.03461842536927,86.72
-131.03248061463236,86.72
