
434.54348632812497,74.70663085937498
432.6916931152344,74.12
431.63,72.78777483940125
432.6359558105469,72.07
434.496474609375,72.63231445312499
436.4288127231598,72.95
438.4174813079834,72.95
440.35997558593755,72.66
442.2374156188964,72.18129219055176
444.03277015686035,71.37897171020508
445.1000000000001,69.717109375
445.6080236816406,67.83848754882813
445.97999999999996,65.92744892328977
445.98,63.92971866577864
445.98,61.92600186854601
445.4783062744141,61.14169372558594
443.79316957473753,62.17899995803833
441.97062500000004,62.9446875
440.0451376473904,63.28
438.0503955078125,63.28
436.1688819122314,62.77317924499512
434.3494025099277,62.00676381349564
432.7265847873687,60.86658478736878
431.6477001953125,59.225400390625005
431.0400000000001,57.366474609375
430.75,55.42852610722184
430.75,53.422009203583
430.75,51.42514023184776
430.75,49.4273521467112
430.75,47.42521858215332
431.1479736328125,45.7
432.5,46.51419620990753
432.5,48.505185993313795
432.5,50.513398572802544
432.5,52.50232418060302
432.5,54.51200533390045
432.8792437744141,56.41122009277344
433.3816925048829,58.30335632324218
434.459375,59.96781250000001
436.2599755859375,60.762021484375
438.13741561889645,61.23
440.0081701660156,61.28591491699218
441.93352539062494,60.912314453125
443.7471875,60.150625000000005
444.9476118278503,58.60740372657776
445.4478430175781,56.72624206542969
445.98,54.85554931640625
445.98,52.85878211438656
445.98,50.85898494720459
445.98,48.84805589854717
445.98,46.85422435581684
446.970048828125,45.7
447.74,47.075114570856094
447.74,49.08319132730365
447.74000000000007,51.08299677014351
447.74,53.08383983729408
447.74,55.08434489073232
447.74,57.078166557531816
447.74,59.08035147294403
447.74,61.08698355808855
447.74,63.08222961425781
447.74,65.08641966983676
447.74,67.07752518296243
447.37429733276366,68.99635848999023
446.74091484069817,70.83817031860352
445.6029753875732,72.44702461242676
443.9437106585503,73.52814467072487
442.115908203125,74.29204589843751
440.2266351318359,74.71000000000001
438.2222481763363,74.70999999999998
436.2169847071171,74.71
