
-114.479296875,74.70992187499999
-114.7119334793091,72.9018470287323
-113.29917545318604,71.48654807090759
-111.89042394049466,70.07526283247395
-110.47557631194593,68.65787051394582
-109.02617164611817,67.29455894470215
-107.51897614479066,65.99897614479065
-106.11233159065247,64.59233159065246
-104.57265129327774,63.351044620275495
-103.1611436867714,61.935153449773786
-101.71151245117188,60.56075622558594
-100.20622519493104,59.27359781265259
-101.27825743675231,58.89
-103.27329433316365,58.89
-105.27511927604675,58.89
-107.27375387147067,58.89000000000001
-109.26370834231376,58.89
-111.27309837767854,58.89
-113.27112901329994,58.89
-114.76,58.270292358398436
-113.7648828125,57.13
-111.76022225379944,57.13
-109.76755261734127,57.13
-107.75991796706569,57.13000000000001
-105.76048326710239,57.129999999999995
-103.75336749389767,57.13000000000001
-101.76318559417501,57.13000000000001
-99.75435054421425,57.129999999999995
-97.8408984375,57.323750000000004
-98.05387477993965,59.1733651304245
-99.47144925117493,60.58839458465576
-100.8807031917572,61.9951184463501
-102.30537951245904,63.41723699986936
-103.80817016601563,64.69215698242188
-105.24783508300781,66.07783508300781
-106.65775451660156,67.48775451660157
-108.20309505224228,68.73309505224228
-109.61455827564001,70.14455827564001
-111.13624206542968,71.42408508300781
-112.56467195510864,72.8036765575409
-110.91362243652344,72.95
-108.91820880541576,72.95
-106.91993208885192,72.95
-104.91317141935231,72.95
-102.91788898775354,72.95
-100.9194452701509,72.95
-98.91096852853894,72.95
-97.77,73.9609935760498
-99.16218746766448,74.71
-101.14659547924995,74.71
-103.1622734940052,74.71
-105.1622232197225,74.71000000000001
-107.15286091974005,74.70999999999998
-109.15347708756802,74.71
-111.14919163703918,74.71
-113.15484033361076,74.71
