
452.12130859375,74.70992187499999
451.84,72.88878193855285
452.63258352443574,71.07096669003367
453.52350108265875,69.28478563427925
454.63857604980467,67.64737976074218
455.635415649414,65.94892150878907
456.70204589843746,64.2779541015625
457.75444824218755,62.591103515624994
458.7508821105957,60.88528953552246
459.75,59.18000000000001
460.8282421875,57.5117578125
461.863140335083,55.834789505004885
462.8653033447266,54.11939331054687
463.9746691131591,52.48066177368164
465.08362228393554,50.85487617492676
466.196630859375,49.2232568359375
467.2616931152344,47.56469665527344
465.50804621547456,47.459999999999994
463.52257877111435,47.46
461.5081961157918,47.46
459.50623651117087,47.46
457.50884933967143,47.46
455.52557765722275,47.46
453.5164822785929,47.46
452.13,46.73433518409729
453.22889740481975,45.7
455.2361478424072,45.70000000000001
457.2417096240632,45.7
459.2387398448401,45.7
461.2391729736328,45.7
463.24267037903894,45.7
465.24102640852334,45.7
467.2352972559817,45.7
468.83,46.25821852684021
468.50128845214846,48.126766967773435
467.49250784873965,49.84214545249939
466.48999999999995,51.565
465.49088211059563,53.26528953552246
464.493525390625,54.972026367187496
463.4420458984375,56.662021484374996
462.377109375,58.325351562499996
461.37122009277346,60.03029235839844
460.3780554199218,61.742576904296875
459.3240441894531,63.411423950195314
458.26464843750006,65.0902734375
457.2567156982422,66.80656860351563
456.26678588867185,68.51444030761719
455.2572298431397,70.22379844665527
454.2539546775818,71.92903597831726
454.59968151688577,72.95
456.5935888671875,72.94999999999999
458.60657221540816,72.94999999999999
460.59843854919075,72.95
462.6055507564545,72.95
464.5933133618534,72.95
466.60515846252446,72.95
468.59390625000003,72.97109375
468.5281061553955,74.71
466.52781188964843,74.71
464.52566238954665,74.71
462.52270252346995,74.71
460.52728903770446,74.71000000000001
458.52152321219444,74.71
456.5275788509846,74.71
454.53372915269813,74.71000000000001
452.5356427001953,74.71
