-598.4434863281251,72.656630859375
-596.5916931152344,72.07
-594.8799755859375,71.13590820312501
-594.0332373046874,69.37647460937501
-593.47,67.5102230834961
-593.47,65.51085693359376
-593.766630859375,63.5766259765625
-594.2693933105468,61.68760314941406
-595.5252404022217,60.20364151000977
-597.3523455810547,59.47
-599.2817830562592,59.18
-601.2825136566162,59.18
-603.1333740234375,59.766630859375
-604.8864106750488,60.63117637634278
-605.78,62.37323730468749
-606.36,64.22109619140625
-606.36,66.22795879364014
-606.1153125000001,68.16937500000002
-605.6187799072266,70.04970764160157
-604.4044596862793,71.58277015686035
-602.5753515624999,72.3475390625
-600.6557301604747,72.66
-598.6607183742524,72.66
-603.0478125,74.1653125
-604.864699600935,73.40570275187494
-606.4741162109376,72.25588378906251
-607.5418550872803,70.59628982543946
-608.12,68.73624206542969
-608.4099999999999,66.79175537109376
-608.41,64.80562225341797
-608.0640850830079,62.87624206542969
-607.4311962890625,61.022392578125
-606.2965847873688,59.40658478736878
-604.6463010299206,58.320738389492035
-602.8311763763428,57.55820533752441
-600.9221875,57.13
-598.933829908371,57.129999999999995
-597.0306617736817,57.54466911315918
-595.2025803565979,58.31382699966431
-593.558306274414,59.39169372558594
-593.18,58.29505326271057
-592.2172743225098,57.13
-591.42,58.48280059218407
-591.42,60.47709386037662
-591.42,62.49454664884135
-591.42,64.47768825277686
-591.42,66.48703195115552
-591.42,68.49157341221348
-591.42,70.49081784540788
-591.42,72.49405734434724
-591.4293749999999,74.48
-593.17890625,74.44624999999999
-593.18,72.43562499999999
-594.4052750587464,73.12263752937316
-596.184052734375,74.0120263671875
-598.0793933105468,74.51830688476562
-600.0179323673249,74.71
#
-577.3533740234375,72.656630859375
-575.5082421875,72.07
-573.7899755859376,71.13590820312501
-572.9332373046875,69.37647460937501
-572.38,67.5102230834961
-572.38,65.51085693359376
-572.6667431640624,63.5766259765625
-573.1730035400391,61.68760314941406
-574.4352404022217,60.20364151000977
-576.2611193847656,59.47
-578.1917830562592,59.18
-580.1925136566163,59.18
-582.0532568359373,59.769999999999996
-583.7911763763427,60.63117637634278
-584.68,62.37323730468749
-585.27,64.23352020263673
-585.27,66.22795879364014
-585.0253125,68.16937500000002
-584.5215124511719,70.04970764160157
-583.3062015533446,71.58277015686035
-581.4853515625,72.3475390625
-579.5506372833252,72.66
-577.5522454833985,72.66
-587.3200000000002,73.07783208414912
-587.32,71.0814516796288
-587.32,69.0829690447799
-587.32,67.09371906876564
-587.32,65.08783360468456
-587.32,63.07956204624148
-587.3199999999999,61.07845035841689
-587.32,59.08240388473496
-587.32,57.085750226189845
-587.3199999999999,55.086765732641794
-587.32,53.077471366722605
-587.32,51.07913865447044
-587.32,49.094450023025274
-587.32,47.07901406288147
-586.5675850200653,45.7
-585.5599999999998,46.84064677402377
-585.56,48.85315290093422
-585.56,50.85478688403964
-585.56,52.84465840831399
-585.56,54.857032111380256
-585.56,56.8497371673584
-585.56,58.84512971177698
-584.8023602294921,59.01236022949219
-583.0420771574974,58.0640389084816
-581.1971520996094,57.42
-579.2652281856537,57.13
-577.2678125,57.175312500000004
-575.4017578124999,57.71
-573.6021478271484,58.567559814453126
-572.0496609210968,59.8003390789032
-571.0632843017578,61.51343139648438
-570.62,63.41151245117187
-570.33,65.35171142578125
-570.33,67.35515625000001
-570.811819229126,69.23363845825196
-571.4422006988525,71.08440139770508
-572.6525962734222,72.64259627342224
-574.3541650390624,73.6441162109375
-576.1833740234375,74.4067431640625
-578.114547804594,74.71
-580.1154897212982,74.71
-581.9776544189453,74.15555969238281
-583.8086703681945,73.38566481590271
-585.3985944366455,72.23140556335449
-585.56,73.84355127334594
-586.8262015533447,74.71
#
-559.2065136718751,74.70663085937498
-561.0583068847657,74.12
-562.8752080345154,73.30739598274232
-564.4278545475006,72.11214545249939
-565.4446994781495,70.41060104370116
-565.93,68.52737976074218
-566.23,66.58554523468018
-566.23,64.59162109375
-565.785,62.69499999999999
-565.1485424041748,60.8370848083496
-563.9601953125,59.2601953125
-562.2831695747376,58.23100004196167
-560.4606249999999,57.4653125
-558.5497380352022,57.129999999999995
-556.5403955078125,57.13
-554.6563584899902,57.63682075500488
-553.34,58.7651171875
-554.1053033447266,59.87469665527344
-555.9611763763427,59.33179466247559
-557.9233827602864,59.17999999999999
-559.8523455810547,59.47
-561.7258837890626,60.005908203125
-563.1802253246307,61.2973959827423
-563.88,63.124521484375
-564.18,65.06648746490478
-564.18,67.06686279296875
-563.8184984588623,68.97300308227538
-563.0544482421875,70.7920263671875
-561.4755877685548,71.95624206542968
-559.596484375,72.454921875
-557.6320676326752,72.66
-555.7053515625,72.372890625
-553.9075390625,71.77999999999999
-553.34,73.37137230873108
-554.9315124511718,74.33075622558593
-556.8349334716797,74.71
-558.8407244873047,74.71
#
-539.2634863281249,72.656630859375
-537.4116931152344,72.07
-535.6999755859375,71.13590820312501
-534.8532373046876,69.37647460937501
-534.29,67.5102230834961
-534.29,65.51085693359376
-534.586630859375,63.5766259765625
-535.0893933105469,61.68760314941406
-536.3452404022216,60.20364151000977
-538.1723455810547,59.47
-540.1017830562591,59.18
-542.1025136566162,59.18
-543.9534863281251,59.766630859375
-545.7064106750488,60.63117637634278
-546.6,62.3546875
-547.18,64.22109619140625
-547.18,66.22795879364014
-546.9353125,68.16937500000002
-546.4387799072266,70.04970764160157
-545.2244596862793,71.58277015686035
-543.404921875,72.3475390625
-541.4757301604748,72.66
-539.4807183742523,72.66
-543.869375,74.1653125
-545.684699600935,73.40570275187494
-547.2941162109375,72.25588378906251
-548.3618550872802,70.59628982543946
-548.94,68.73624206542969
-549.23,66.8098874282837
-549.23,64.80562225341797
-548.8840850830079,62.87624206542969
-548.2511962890625,61.022392578125
-547.1302276611328,59.42022766113281
-545.4800601959229,58.32764724731446
-543.6564106750488,57.55820533752441
-541.7549960649014,57.13
-539.753829908371,57.129999999999995
-537.8506617736816,57.54466911315918
-536.0362893414497,58.30691392183304
-534.3783062744141,59.39169372558594
-534,58.30940524129197
-534,56.31302142886445
-534,54.30795386450365
-534,52.300669489596046
-534,50.30027274480089
-534,48.304788403958085
-534,46.31347788929939
-532.48140625,45.72109375
-532.24,47.629484963919964
-532.24,49.62700297435745
-532.24,51.629876783525106
-532.24,53.63203832641011
-532.24,55.618330001831055
-532.24,57.61690618864493
-532.24,59.622518253177404
-532.24,61.6178712926805
-532.24,63.62888782704249
-532.24,65.63485852838727
-532.24,67.62315174489049
-532.24,69.6227566527389
-532.24,71.63420203253625
-532.24,73.62050232693554
-533.287603149414,74.71
-534,73.2948258972168
-534.5422857666015,72.61228576660156
-536.2411876869202,73.63059384346008
-538.0619445800781,74.39097229003906
-539.9792712688446,74.71
-541.9892816257477,74.71
#
-513.2000000000002,65.03011718750001
-513.49,63.10182983398438
-514.1991178894043,61.28471046447754
-515.6675850200653,59.999231357574466
-517.536474609375,59.47
-519.4736695957183,59.18
-521.4326202392579,59.338576049804686
-523.3226834869384,59.85064651489258
-524.9343371582031,60.96892150878906
-525.6984336853027,62.79025291442871
-526.09,64.70228576660156
-524.4312463478744,65.04
-522.430722322464,65.04
-520.4362582938373,65.04
-518.4242742718943,65.04
-516.4194408060611,65.04
-514.4359473884106,65.04
-521.8118298339843,74.41000000000001
-523.6793218421935,73.86033907890321
-525.473720703125,72.9631396484375
-526.8159375,71.50500000000001
-527.55,69.66997558593751
-528.0727392578125,67.814521484375
-528.14,65.81692745208741
-527.9882053375244,63.851176376342764
-527.55,61.95452148437499
-526.7267749786376,60.154625244140625
-525.284052734375,58.781103515625006
-523.5052750587463,57.88411306381226
-521.6276544189453,57.38444030761719
-519.6793331432342,57.13
-517.7268408203125,57.3527392578125
-515.8430700683593,57.854691162109376
-514.0584277534484,58.75463899612427
-512.6001171875,60.079765625
-511.73,61.891119384765624
-511.3353033447265,63.78300354003906
-511.2059149169922,65.74182983398437
-512.717259016037,66.8
-514.7185509490967,66.79999999999998
-516.7147736881674,66.8
-518.7212530040741,66.8
-520.7267291510105,66.8
-522.7214790435136,66.8
-524.7193375492096,66.8
-526.09,67.42073059082031
-525.569580078125,69.295478515625
-524.7461716461181,71.0708821105957
-523.0420458984374,72.07
-521.1823455810547,72.62321411132812
-519.2588483536243,72.95
-517.2525186920166,72.95
-515.3306066894531,72.66
-513.4399755859374,72.1879541015625
-512.03,72.38174919128417
-512.7102529144287,74.02181922912598
-514.5964220428467,74.52512985229491
-516.5437778151036,74.71
-518.5552747054398,74.71
-520.5424462890625,74.71
#
-503.82929687499995,74.70992187499999
-504.12,72.89441031143069
-504.12,70.89449930815026
-504.12,68.88839076505974
-504.12,66.89740345692262
-504.12,64.89903632476926
-504.12,62.894919810537246
-504.12,60.88835020661354
-504.12,58.89246938213705
-505.39116967082026,58.010000000000005
-507.39328674435615,58.01
-508.51,56.9890064239502
-507.09748130798346,56.25
-505.0911516463757,56.25
-504.12,55.09441927552223
-504.12,53.10052206993103
-503.6412921905518,51.20258438110351
-503.01301030158993,49.35602060317993
-501.8121454524994,47.79214545249939
-500.1052773928642,46.77263869643211
-498.284921875,46.0124609375
-496.3657301604748,45.7
-494.3707183742523,45.7
-492.49062499999997,46.2446875
-491.23,47.40709350585938
-492.05215698242193,48.39591491699219
-493.9200244140625,47.872021484375
-495.88134070038797,47.75
-497.8068408203125,48.05
-499.68389731407166,48.61427300453186
-501.1030035400391,49.93239685058593
-501.77,51.77300354003906
-502.2420458984375,53.670024414062496
-502.36,55.6396875
-500.86220846295356,56.25
-498.8639453125,56.25
-497.09000000000003,56.63180793762207
-497.8468414592743,58.01
-499.84861116215586,58.01
-501.8437915515899,58.010000000000005
-502.36000000000007,59.632054859120394
-502.36,61.63800241351127
-502.36,63.642019903939214
-502.36,65.62433632770552
-502.36,67.6246011160314
-502.36,69.64185718884691
-502.36,71.64059226945042
-502.36,73.63298121452331
-503.42389137268066,74.71
#
-477.4533740234375,72.656630859375
-475.6082421875,72.07
-473.88590820312504,71.13590820312501
-473.03323730468753,69.37647460937501
-472.48,67.5102230834961
-472.48,65.51085693359376
-472.7667431640625,63.5766259765625
-473.2730035400391,61.68760314941406
-474.52776382446297,60.20364151000977
-476.36111938476563,59.47
-478.29178305625913,59.18
-480.29251365661617,59.18
-482.15289062499994,59.77
-483.8911763763428,60.63117637634278
-484.78,62.37323730468749
-485.37,64.22109619140625
-485.37,66.22795879364014
-485.116875,68.16937500000002
-484.62151245117184,70.04970764160157
-483.4062015533448,71.58277015686035
-481.58492187499996,72.3475390625
-479.6657301604747,72.66
-477.67071837425226,72.66
-485.2778125,86.176875
-486.54,85.01929626464843
-485.7392437744141,84.00075622558593
-483.8773797607422,84.53857604980469
-481.9728192138672,84.96
-479.98399120926854,84.96000000000001
-478.0466259765625,84.67325683593751
-476.12877990722654,84.29802368164061
-474.30742309570314,83.53805541992188
-473.16277015686035,81.94379844665528
-472.66530334472657,80.06060668945312
-472.18,78.17321998596192
-472.18000000000006,76.17315607860685
-472.18,74.18197123527526
-472.18,72.18195182800292
-473.62886944770815,73.23322436332704
-475.4224609375001,74.12
-477.31111808776853,74.63429733276367
-479.2989761447907,74.71
-481.2099755859375,74.41
-483.0794152832031,73.80029235839845
-484.8429042816162,72.88709571838379
-486.1453005218506,71.38939895629882
-486.83,69.54375793457032
-487.4167431640625,67.686513671875
-487.41999999999996,65.69368350982666
-487.20924377441406,63.73122009277344
-486.83,61.826513671875
-485.93686035156253,60.0468603515625
-484.454633026123,58.725926055908204
-482.67292303085327,57.827456912994386
-480.786484375,57.328242187499995
-478.82206763267516,57.13
-476.89535156249997,57.40753906250001
-475.01135453343386,57.910170915126805
-473.2290062046051,58.80513731002807
-472.18,59.20113055229187
-472.0809375,57.229023437500004
-470.43,57.59926110371948
-470.43,59.59588950142265
-470.42999999999995,61.60881665587426
-470.43,63.59386240838096
-470.43000000000006,65.60185761989328
-470.43,67.59371384432772
-470.43,69.59754699707031
-470.43,71.60277938015992
-470.43,73.60462463378906
-470.43,75.60533875465393
-470.43,77.5948924665153
-470.43,79.59071082115173
-471.01,81.456513671875
-471.6495361328125,83.309072265625
-472.92578612327577,84.82578612327575
-474.67932707428935,85.76621816039085
-476.525908203125,86.43
-478.44810389637945,86.72
-480.462935552597,86.72
-482.45323204159735,86.72
#
-466.03929687499993,74.70992187499999
-466.32,72.88255500793457
-466.32,70.89788209306076
-466.32,68.88171049021884
-466.32,66.8898437778349
-466.32,64.8906200696039
-466.32000000000005,62.8955211742036
-466.31999999999994,60.89142976732691
-466.31999999999994,58.89574334600707
-466.32,56.88250009892741
-466.32,54.89169139755191
-466.32000000000005,52.89539654118707
-466.31999999999994,50.8838531114161
-466.32,48.88044726058841
-466.31999999999994,46.881408182382586
-465.3629753875732,45.7
-464.57,47.0576443900168
-464.57,49.05600930213928
-464.57,51.04924961924553
-464.57,53.04635405540466
-464.57000000000005,55.05041221817956
-464.57,57.04949111104012
-464.57,59.049052685350176
-463.66360839843753,58.876748046875
-461.8615411663055,57.97188024520874
-459.9918298339844,57.42
-458.0643931293488,57.13
-456.0971520996094,57.261423950195315
-454.209453125,57.760703125
-452.4211755371094,58.66248413085937
-450.92521049499516,59.934789505004886
-449.97773925781246,61.704521484375
-449.61031616210937,63.60871154785156
-449.33,65.54236060738563
-449.33,67.54464043661952
-449.33,69.54015522388741
-449.33,71.5411738663353
-449.33,73.53609076499939
-450.29702461242675,74.71
-451.09000000000003,73.38605889856815
-451.0899999999999,71.38649147510529
-451.09,69.37872777871787
-451.0899999999999,67.39039254665374
-451.09,65.38798309326172
-451.68,63.516474609375
-452.1992313575745,61.64758502006531
-453.48471046447753,60.179117889404296
-455.3037579345703,59.47
-457.23909661173826,59.18
-459.2391443634034,59.18000000000001
-461.09531250000003,59.77
-462.8371520996094,60.67262023925781
-463.7024609375,62.425351562500005
-464.27,64.28512382507324
-464.57,66.21716105401516
-464.57,68.21544471003115
-464.57,70.21552305281162
-464.56999999999994,72.21198528289794
-464.57,74.22035129547119
#
-444.94869140624996,74.70992187499999
-445.23,72.88729873446748
-445.23,70.88966101765632
-445.23,68.8938338829577
-445.23,66.88374288788066
-445.23,64.89678558966145
-445.23,62.88926345467567
-445.23,60.87865871289745
-445.23,58.88326272794977
-444.8453747558594,57.129999999999995
-442.9446875,57.3325
-442.89000000000004,59.31951424883678
-442.89,61.317849197834725
-442.88999999999993,63.314595595449205
-442.89000000000004,65.31813279151916
-442.89,67.32773795196786
-442.89,69.3239499022183
-442.89,71.3135277746059
-442.89,73.32135346129536
-443.64241928100586,74.71
-445.22999999999996,53.97491508483886
-445.23,51.972500000000004
-443.79556259155277,51.269999999999996
-442.89000000000004,52.5131005859375
-443.069375,54.450625
#
-444.066513671875,86.71674316406249
-445.9117578125,86.13000000000001
-446.99,84.81500000000001
-445.99204589843754,84.08
-444.1311193847656,84.63444030761718
-442.1911872768402,84.96
-440.2025186920166,84.96
-438.2674156188965,84.67
-436.38590820312504,84.202021484375
-434.589375,83.40781249999999
-433.51,81.7367431640625
-433.0092437744141,79.84848754882812
-432.63,77.94499428391457
-432.63,75.94744439603761
-432.63,73.95627791047097
-432.63,71.9538096098788
-432.63,69.95546475498006
-432.63,67.94267508574063
-432.63,65.95073100425536
-432.63,63.95393168449402
-432.63,61.956268844604494
-432.63,59.95771099448204
-432.63,57.94874450683594
-431.31346496582034,57.129999999999995
-430.87999999999994,58.84696635767818
-430.88,60.850882156342266
-430.88,62.83937756070867
-430.88,64.85106492263498
-430.88,66.8483437544736
-430.88,68.84856839308515
-430.88,70.85632044753059
-430.88,72.8569204123877
-430.88,74.85774167895318
-430.88,76.8468688405864
-430.88,78.84418362617492
-431.17,80.78765441894531
-431.76778129577633,82.64556259155273
-432.84297538757323,84.29297538757325
-434.4658349609375,85.4358837890625
-436.284521484375,86.199580078125
-438.1587043082714,86.72
-440.14768839016557,86.71999999999998
-442.1478134071827,86.72
-432.44124999999997,54.48015625
-432.63,52.57314270019531
-431.80977233886716,51.27
-430.88,52.49819863319397
-431.03765625,54.43640625000001
#
-426.489296875,74.70992187499999
-426.77,72.88255500793457
-426.77,70.89788209306076
-426.7699999999999,68.88171049021884
-426.77,66.8898437778349
-426.77,64.8906200696039
-426.77000000000004,62.8955211742036
-426.77,60.89142976732691
-426.77,58.89574334600707
-426.77,56.88250009892741
-426.77,54.89169139755191
-426.77,52.89539654118707
-426.77,50.8838531114161
-426.77,48.88044726058841
-426.77,46.881408182382586
-425.81297538757326,45.7
-425.02,47.04481498599053
-425.02,49.046642255783084
-425.02,51.05374123546062
-425.02,53.05412765452638
-425.02,55.0493380509899
-425.02,57.05198726058006
-425.02,59.05148042651126
-425.02,61.044484495464715
-425.02,63.048107997048646
-424.5876684093476,64.01766840934754
-423.18102385520933,62.61102385520935
-421.878387298584,61.1108821105957
-420.5107261936367,59.660726193636656
-419.1025186920166,58.25251869201661
-417.5576031494141,57.13
-416.52000000000004,58.24528953552247
-417.6838279438019,59.75382794380188
-419.1035200846195,61.17352008461952
-420.44795410156246,62.639975585937506
-421.7528145007789,64.12281450077892
-423.1669536685944,65.53695366859435
-422.5252281856537,66.94477181434631
-421.103829908371,68.36617009162902
-419.86281921386717,69.89718078613281
-418.4473237645626,71.3126762354374
-417.03383355259894,72.72616644740104
-416.54109374999996,74.51125
-418.33041628837583,74.36043630599976
-419.7468622589111,72.94743667602538
-421.15737738251687,71.54035346269606
-422.3968585205078,70.00314147949219
-423.8081733036041,68.59182669639587
-425.02,67.6820703125
-425.02,69.68188492774964
-425.02,71.67188859343528
-425.02,73.6709538950026
-426.1226040172577,74.71
#
-412.13868164062495,74.70992187499999
-412.42,72.88255500793457
-412.42,70.88360077672405
-412.41999999999996,68.88171049021884
-412.42,66.8898437778349
-412.42,64.8906200696039
-412.42,62.87504586184164
-412.42,60.89142976732691
-412.4200000000001,58.87501525878906
-412.42,56.88250009892741
-412.42,54.89169139755191
-412.42,52.87726851463318
-412.42,50.8838531114161
-412.41999999999996,48.88044726058841
-412.42,46.881408182382586
-411.45727432250976,45.7
-410.65999999999997,47.04482030704618
-410.66,49.040367660522456
-410.65999999999997,51.04640188300982
-410.66,53.040941781771835
-410.65999999999997,55.047669901468325
-410.65999999999997,57.04505098723108
-410.66,59.04090774416923
-410.66,61.05767643119907
-410.66,63.0591345979832
-410.66,65.04846551169408
-410.6600000000001,67.05677216121927
-410.66,69.04960547581547
-410.66,71.03943574786186
-410.66,73.03972664833069
-411.13437500000003,74.71
#
-406.27869140625,74.70992187499999
-406.55999999999995,72.89166002392768
-406.56,70.8923059117794
-406.56,68.8949898815155
-406.56,66.8810082244873
-406.56,64.88544249653816
-406.55999999999995,62.883989791870114
-406.56000000000006,60.87950263977051
-406.56,58.881993265151976
-406.3152795410156,57.13
-404.8,57.61421669006348
-404.8,59.61276206970215
-403.377275390625,58.616318359375
-401.606279296875,57.723251953125
-399.713515625,57.2217578125
-397.7412043273449,57.13
-395.80060668945316,57.419999999999995
-393.9448166072369,58.01387932062149
-392.1621875,58.927812499999995
-390.96613769531245,60.481791992187496
-390.07169372558593,60.7676863861084
-388.9398188018799,59.13981880187988
-387.21505326271057,58.14938844680786
-385.38888061523437,57.42
-383.45821694374087,57.13
-381.45748634338383,57.129999999999995
-379.59710937500006,57.71
-377.7884184455872,58.477293262481695
-376.19610862731935,59.663891372680666
-375.16046386718745,61.339072265625
-374.63000000000005,63.225908203125
-374.33000000000004,65.14281309008597
-374.33,67.1522785796225
-374.33,69.14988208221271
-374.33000000000004,71.15275239231065
-374.33,73.15314880371093
-374.913224363327,74.71
-376.09,73.77151203215122
-376.09000000000003,71.78368778705597
-376.09,69.77690033234656
-376.09000000000003,67.77521779187023
-376.09,65.76794727325439
-376.52297103881835,63.878823623657226
-377.023525390625,62.002026367187504
-378.1333740234375,60.3566259765625
-379.954091796875,59.592021484375
-381.843829908371,59.18
-383.8576684093475,59.18
-385.755,59.62
-387.55805541992186,60.388711547851564
-388.65128845214844,62.03323303222656
-389.15204589843756,63.920024414062496
-389.57,65.8181802368164
-389.57,67.81114990234374
-389.56999999999994,69.81679795742035
-389.57,71.82018796525895
-389.57,73.81423583984375
-390.82620155334473,74.71
-391.32,73.0896900421381
-391.31999999999994,71.10622592151165
-391.32,69.10185458123684
-391.32,67.1022705155611
-391.4283068847657,65.12060668945313
-391.91,63.23933822631836
-392.56357795715337,61.38900642395019
-393.96500000000003,60.06
-395.826484375,59.47
-397.75801358222964,59.18
-399.73939331054686,59.284696655273436
-401.6189279937744,59.78929763793946
-403.2676544189453,60.867654418945314
-404.0514239501953,62.667379760742186
-404.51,64.5633203125
-404.8,66.49846261918545
-404.79999999999995,68.50574337005615
-404.8,70.50656707763672
-404.79999999999995,72.50653445541857
-404.8146484375,74.4959375
#
-369.94869140624996,74.70992187499999
-370.23,72.88729873446748
-370.23,70.88966101765632
-370.23,68.8938338829577
-370.23,66.88374288788066
-370.2300000000001,64.89678558966145
-370.23,62.88926345467567
-370.23,60.87865871289745
-370.23,58.88326272794977
-369.84819206237796,57.13
-368.47,57.89555756568909
-368.375824584961,59.67582458496094
-366.7977827453613,58.49050582885742
-364.9724609375,57.71
-363.1154706668854,57.13
-361.1174773991108,57.13
-359.190625,57.42
-357.3486703681946,58.14938844680786
-355.6297523498535,59.138126907348635
-354.39221870422364,60.67556259155273
-353.7584984588623,62.525123825073244
-353.24,64.41337219238281
-353.24,66.40940599873662
-353.24,68.40305686121806
-353.24,70.4030441477336
-353.24,72.40936423078179
-353.24,74.40257087707519
-354.98875,74.51124999999999
-355,72.5286181306839
-355,70.51974850513041
-355,68.51850062407553
-355,66.51705142974853
-355.29,64.58877990722657
-355.73,62.69499999999999
-356.5144482421875,60.8855517578125
-358.16972656250005,59.794921875
-360.04357795715333,59.29129219055176
-362.0082568359375,59.18
-363.94848754882815,59.470000000000006
-365.8075870513916,60.046410675048826
-367.22597059249875,61.37566481590271
-367.89,63.225908203125
-368.3587078094482,65.10741561889648
-368.47,67.08071533203126
-368.47,69.07560629367829
-368.4700000000001,71.08050206661224
-368.47,73.0896900421381
-368.9845960330963,74.71
#
-339.17337402343753,72.656630859375
-337.3282421875,72.07
-335.60590820312495,71.13590820312501
-334.75323730468745,69.37647460937501
-334.2,67.5102230834961
-334.19999999999993,65.51085693359376
-334.4867431640625,63.5766259765625
-334.993003540039,61.68760314941406
-336.24776382446294,60.20364151000977
-338.07234558105466,59.47
-340.01178305625916,59.18
-342.01251365661625,59.18
-343.872890625,59.77
-345.60641067504883,60.63117637634278
-346.5,62.37323730468749
-347.09,64.22109619140625
-347.09,66.22795879364014
-346.83687499999996,68.16937500000002
-346.3387799072266,70.04970764160157
-345.12620155334474,71.58277015686035
-343.304921875,72.3475390625
-341.3857301604748,72.66
-339.3907183742523,72.66
-343.769375,74.1653125
-345.6019871520996,73.3990064239502
-347.19411621093747,72.25588378906251
-348.2667185497284,70.58656290054321
-348.84,68.7131591796875
-349.14000000000004,66.79175537109376
-349.14,64.78930545806885
-348.78408508300777,62.87624206542969
-348.1511962890625,61.022392578125
-347.0165847873688,59.40658478736878
-345.3711252808571,58.320738389492035
-343.5564106750488,57.55820533752441
-341.6521875,57.13
-339.6507551896572,57.13
-337.7506617736816,57.54466911315918
-335.92746317863464,58.31382699966431
-334.27702461242677,59.392975387573244
-333.13908515930177,61.00182968139649
-332.5072607421875,62.8531591796875
-332.13999999999993,64.77313720703125
-332.14,66.77351253509522
-332.44,68.68877990722656
-332.9988106536865,70.55762130737304
-334.05900642395017,72.2290064239502
-335.65505326271057,73.38566481590271
-337.4911193847656,74.15555969238281
-339.35451027870175,74.70999999999998
-341.355452195406,74.71
#
-318.073486328125,72.656630859375
-316.2282421875,72.07
-314.5099755859375,71.13590820312501
-313.66231445312496,69.37647460937501
-313.1,67.5102230834961
-313.1,65.51085693359376
-313.3867431640625,63.5766259765625
-313.8993933105468,61.68760314941406
-315.1552404022217,60.20364151000977
-316.9823455810547,59.47
-318.91178305625914,59.18
-320.91251365661617,59.18
-322.7633740234375,59.766630859375
-324.5111763763428,60.63117637634278
-325.41,62.37323730468749
-325.99,64.23352020263673
-325.99,66.22795879364014
-325.74531249999995,68.16937500000002
-325.24877990722655,70.04970764160157
-324.0262015533447,71.58277015686035
-322.2053515625,72.3475390625
-320.2706372833252,72.66
-318.2722454833984,72.66
-328.03999999999996,85.06969759806991
-328.0400000000001,83.07384416693822
-328.04,81.07531139368191
-328.04,79.0720498801209
-328.04,77.07136315706418
-328.04,75.06854296359933
-328.04,73.07130458654837
-328.0400000000001,71.07552993893624
-328.04,69.07319798850223
-328.04,67.0799099457264
-328.04,65.07998300677166
-328.04,63.082287186831245
-328.04,61.064762343931946
-328.04,59.073346017643345
-327.85124999999994,57.15109375
-326.29,57.72722146034241
-326.29,59.72921134948731
-324.780243126154,58.573781654834754
-322.98075622558594,57.71
-321.1021875,57.175312500000004
-319.1212583315372,57.13
-317.1773797607422,57.42
-315.34057907104494,58.05765670776368
-313.5820263671875,58.9979736328125
-312.2979388427735,60.50412231445313
-311.64,62.346474609374994
-311.05,64.22109619140625
-311.04999999999995,66.20759857177734
-311.2894858551025,68.15897171020508
-311.66175292968745,70.063505859375
-312.5829042816162,71.84290428161621
-314.07640340805057,73.14320170402527
-315.8617129707336,74.03585648536682
-317.7493382263184,74.53896804809571
-319.69925709128376,74.71
-321.624921875,74.41
-323.51310363769534,73.8944122314453
-325.3090234375,73.0002734375
-326.29,72.70556005060672
-326.29,74.70384532928466
-326.29,76.71244947828352
-326.29,78.7035560530424
-326.28999999999996,80.71328651607037
-326.29,82.71326815329493
-326.29,84.69784847795964
-326.46562500000005,86.63562499999999
#
-297.27348632812493,72.656630859375
-295.42824218749996,72.07
-293.7099755859375,71.13590820312501
-292.862314453125,69.37647460937501
-292.3,67.5102230834961
-292.3,65.51085693359376
-292.58674316406245,63.5766259765625
-293.0993933105469,61.68760314941406
-294.3552404022217,60.20364151000977
-296.1823455810547,59.47
-298.1117830562591,59.18
-300.1125136566162,59.18
-301.96337402343755,59.766630859375
-303.7111763763428,60.63117637634278
-304.61,62.37323730468749
-305.19,64.23352020263673
-305.19,66.22795879364014
-304.9453125,68.16937500000002
-304.44877990722654,70.04970764160157
-303.2262015533447,71.58277015686035
-301.4053515625,72.3475390625
-299.4706372833252,72.66
-297.4722454833984,72.66
-292.01000000000005,85.07904606282712
-292.01,83.08134112648668
-292.01,81.08286602020263
-292.01,79.08173244476319
-292.01,77.07227226607502
-292.01,75.08032656610011
-292.01,73.07976731479167
-292.7119188690185,72.77191886901855
-294.45081388235093,73.73040694117546
-296.2966796875,74.41
-298.22319846510885,74.71
-300.2166259765625,74.70663085937498
-302.0879541015625,74.11999999999999
-303.89215336799623,73.30739598274232
-305.4602923583984,72.09970764160155
-306.4733746337891,70.39325073242188
-306.95,68.51363716125488
-307.24,66.58554523468018
-307.24,64.59162109375
-306.80499999999995,62.69499999999999
-306.1685424041748,60.8370848083496
-304.9801953125,59.2601953125
-303.28390802502634,58.22413254022598
-301.4721875,57.4653125
-299.54513764739033,57.13
-297.5503955078125,57.13
-295.6568408203125,57.64273925781251
-293.84176757812503,58.410048828125
-292.23206115722655,59.54793884277344
-292.01,58.08712975502015
-290.8352404022217,57.13
-290.25,58.69777457609773
-290.25,60.70698669746519
-290.25,62.70638478508219
-290.25,64.70459541714983
-290.25,66.70265547199408
-290.25,68.70032189933583
-290.25,70.7057367375982
-290.25,72.6979273959459
-290.25,74.69714992751136
-290.25,76.69657678170363
-290.25,78.70671601921087
-290.25,80.70761604055762
-290.25,82.71024720191956
-290.2246484375,84.6575390625
-288.34499999999997,84.08
-287.32000000000005,84.78055809020996
-288.3585760498047,86.13
-290.22464843750004,86.7075390625
#
-283.51929687500007,74.70992187499999
-283.8,72.88729873446748
-283.8,70.88966101765632
-283.8,68.8938338829577
-283.8,66.88374288788066
-283.8,64.89678558966145
-283.8,62.88926345467567
-283.8,60.87865871289745
-283.8,58.89802970185876
-283.41819206237795,57.13
-282.05,57.91837455749511
-281.95582458496096,59.67582458496094
-280.3743972015381,58.49050582885742
-278.5567626953125,57.71
-276.69757263183595,57.13
-274.6874773991108,57.13
-272.7621875,57.42
-270.93195758104326,58.14268805742264
-269.20187309265134,59.138126907348635
-267.98234375000004,60.676249999999996
-269.85164916992187,60.94
-271.45785454750063,59.934653301239024
-273.3311193847656,59.43444030761719
-275.27066685676573,59.18
-277.2231591796875,59.4027392578125
-279.093681640625,59.904521484375
-280.6620369720459,61.102683486938474
-281.42444030761715,62.91765441894531
-281.7867858886719,64.82111938476562
-282.04999999999995,66.76875299274921
-282.04999999999995,68.76275866985321
-282.05,70.76913519382477
-282.05,72.76568049967288
-282.24859374999994,74.67874999999998
#
-261.25651367187504,74.70663085937498
-263.1083068847656,74.12
-264.18,72.805
-263.177978515625,72.07
-261.303525390625,72.63231445312499
-259.31196434020995,72.66
-257.3936371612549,72.36
-255.54284408569333,71.70642204284668
-253.80241497993467,70.83923135757446
-253.1623602294922,69.30763977050782
-254.7082421875,68.0617578125
-256.4653747558594,67.13731262207031
-258.3563628387451,66.6289680480957
-260.20239685058596,66.00060668945312
-262.0226695537567,65.2414575958252
-263.5220611572266,64.00840110778809
-264.18,62.18146118164063
-263.81179283142086,60.2817928314209
-262.3901715087891,58.86017150878905
-260.6867626953125,58.01
-258.77699691772455,57.6484984588623
-256.8901898479462,57.129999999999995
-254.90436910033225,57.13
-252.96888061523438,57.45555969238281
-251.29,58.3631640625
-251.72500000000002,60.06
-253.5378125,59.470000000000006
-255.46958793640138,59.18
-257.435,59.325
-259.30797363281255,59.823525390625
-261.058896484375,60.6944482421875
-262.42,61.89830627441406
-261.30002441406253,63.397954101562505
-259.5955986022949,64.40220069885254
-257.73662597656255,65.03674316406251
-255.8782421875,65.63
-254.0485009765625,66.2912109375
-252.29595581054687,67.24857604980468
-251.35826744079588,69.00189575195313
-251.3303232574463,70.98064651489258
-252.59298852562904,72.49792993307113
-254.13300354003906,73.64469665527344
-256.0297723388672,74.12
-257.94300354003906,74.51830688476562
-259.8879323673248,74.71
#
-234.59651367187502,74.70663085937498
-236.4483068847656,74.12
-238.26520803451538,73.30739598274232
-239.81785454750062,72.11214545249939
-240.83469947814942,70.41060104370116
-241.32,68.52737976074218
-241.62,66.58563710004093
-241.61999999999998,64.5826412394643
-241.62,62.591959318257864
-241.62,60.59460614174604
-241.62,58.591010515689845
-243.2007304763794,58.01
-245.19904296875,58.010000000000005
-245.63562499999998,56.43499999999999
-243.7112466430664,56.25
-241.743046875,56.169765625
-241.62,54.20227898657322
-241.61999999999998,52.208743505105375
-241.62,50.209500239267946
-241.62,48.21044681549073
-241.62,46.20802875518799
-240.03625,45.7990234375
-239.86,47.723528905585404
-239.86,49.72290010564029
-239.86000000000004,51.72162109710276
-239.86,53.72478158771992
-239.86,55.71379638671875
-238.2875262570381,56.25
-236.2760008239746,56.25
-234.3608984375,56.443749999999994
-234.83019575119022,58.010000000000005
-236.83233723908666,58.01
-238.83518384933473,58.00999999999999
-239.86,59.116226005554196
-239.86,61.12197482585907
-239.86,63.11740400791168
-239.86,65.12750436365604
-239.5824609375,67.06464843750001
-239.2140850830078,68.96182983398438
-238.4444482421875,70.7920263671875
-236.86558776855466,71.95624206542968
-234.98648437499997,72.454921875
-233.0392038166523,72.66
-231.10871154785156,72.37968383789062
-229.2975390625,71.77999999999999
-228.73000000000002,73.35974914550782
-230.32151245117188,74.33075622558593
-232.2249334716797,74.71
-234.23072448730468,74.71
#
-217.896513671875,74.70663085937498
-219.7483068847656,74.12
-221.5652080345154,73.30739598274232
-223.1178545475006,72.11214545249939
-224.1346994781494,70.41060104370116
-224.63,68.52737976074218
-224.92,66.58200027465821
-224.92000000000002,64.5877481012419
-224.92,62.59508737463504
-224.92,60.582056644856934
-224.92,58.59695245742798
-224.2436238670349,57.13000000000001
-223.16000000000003,58.1941556930542
-223.16000000000003,60.193637199401856
-223.16,62.19931542694569
-223.15999999999997,64.19699458502234
-223.16000000000003,66.19789215087891
-222.664921875,68.076484375
-222.1681701660156,69.9555877685547
-221.00202636718748,71.53444824218751
-219.17182983398436,72.3040850830078
-217.2686223602295,72.66000000000001
-215.27356132507325,72.66
-213.3866796875,72.1617578125
-211.595478515625,71.345478515625
-210.55999999999997,69.683125
-210.03591491699217,67.79182983398438
-209.68,65.87589482784271
-209.68,63.87368778705597
-209.68,61.88019896566868
-209.68,59.87717875659466
-209.68,57.882761759758
-208.29676696777344,57.13
-207.93,58.91285857601092
-207.93,60.91973838521167
-207.93,62.91270310835913
-207.93,64.92151755332947
-207.93,66.90848244667053
-207.93,68.91729689164087
-207.93,70.91026161478833
-207.93,72.91714142398908
-208.2702734375,74.71
-209.68000000000004,74.00240310668944
-209.72731262207031,72.1173126220703
-211.30355468750003,73.32019531249999
-213.1082421875,74.12
-214.96840515136716,74.71
-216.9629296875,74.71
#
-197.3825244140625,74.7074755859375
-198.5973884010315,73.14940615653991
-199.2317578125,71.296484375
-199.99464843750002,69.480703125
-200.6,67.633125
-201.2572607421875,65.7831591796875
-201.88375793457033,63.93441223144531
-202.65,62.1067431640625
-203.2873884010315,60.259406156539924
-203.82,58.3923250579834
-202.945,57.13
-201.7432373046875,58.354448242187495
-201.19,60.2320458984375
-200.6,62.0832373046875
-200.02,63.94924377441406
-199.43,65.8020458984375
-198.84,67.675
-198.26000000000002,69.524921875
-197.67,71.38974708557129
-197.08663085937502,73.233486328125
-196.5,71.3766796875
-195.91,69.51197631835939
-195.33,67.64737976074218
-194.74,65.78857604980469
-194.16,63.9153125
-193.56999999999996,62.064687500000005
-192.98,60.205000000000005
-192.4124609375,58.325351562499996
-191.21129017829895,57.129999999999995
-190.35,58.4248828125
-190.90050002098084,60.286584787368774
-191.5324609375,62.135351562500006
-192.29722984313963,63.95620155334473
-192.9240850830078,65.80624206542969
-193.57,67.66710937500001
-194.19805541992187,69.50742309570313
-194.9642973327637,71.33364151000977
-195.59284790039064,73.19022766113281
-196.8153515625,74.71
#
-179.51252441406248,74.7074755859375
-180.7273884010315,73.14940615653991
-181.3617578125,71.296484375
-182.115078125,69.480703125
-182.73,67.633125
-183.3872607421875,65.7831591796875
-184.01375793457032,63.93441223144531
-184.78,62.1067431640625
-185.4132054424286,60.259406156539924
-185.95,58.3923250579834
-185.07500000000002,57.13
-183.87323730468748,58.354448242187495
-183.32,60.2320458984375
-182.73,62.0832373046875
-182.14,63.9372607421875
-181.56,65.8020458984375
-180.97,67.675
-180.39,69.524921875
-179.8,71.38974708557129
-179.20674316406252,73.233486328125
-178.63,71.3766796875
-178.04000000000002,69.51197631835939
-177.46000000000004,67.64737976074218
-176.87,65.78857604980469
-176.29,63.9153125
-175.7,62.064687500000005
-175.11,60.205000000000005
-174.5424609375,58.325351562499996
-173.346162109375,57.13
-171.89,58.0772607421875
-171.35784301757815,59.946242065429686
-170.7232568359375,61.813374023437504
-170.224921875,63.6833203125
-169.5953125,65.5378125
-168.95999999999998,67.3866259765625
-168.45924377441406,69.27151245117187
-167.8255596923828,71.11888061523437
-167.322021484375,73.004091796875
-166.62,71.6431591796875
-166.0567626953125,69.783525390625
-165.45,67.93128845214844
-164.9272607421875,66.054521484375
-164.28968383789064,64.19871154785156
-163.79469665527344,62.32300354003906
-163.15591491699217,60.46375793457031
-162.65820533752444,58.581176376342775
-161.61029235839842,57.13
-160.46,58.137774839401246
-160.88872079849241,60.029660921096806
-161.64,61.8467626953125
-162.2868163776398,63.697585020065304
-162.91469665527345,65.54300354003905
-163.6833740234375,67.3668603515625
-164.26999999999998,69.2317578125
-164.94544105529786,71.0708821105957
-165.5787207984924,72.9196609210968
-166.72337463378906,74.52337463378906
-168.31094787597655,73.89905212402344
-169.09142395019532,72.09715209960937
-169.733515625,70.236640625
-170.43,68.405
-171.12282934188843,66.56739598274231
-171.75857604980467,64.71737976074219
-172.48000000000002,62.8982421875
-173.06,61.0317578125
-173.6532568359375,62.1166259765625
-174.41624206542969,63.93441223144531
-175.0427392578125,65.7831591796875
-175.7,67.633125
-176.31492187499998,69.480703125
-177.07455894470215,71.30911788940429
-177.70933822631838,73.16297538757324
-178.9266259765625,74.71
#
-156.369296875,74.70992187499999
-156.41001525878906,72.99001525878906
-154.99996188282967,71.57996188282966
-153.58460632324218,70.1646063232422
-152.34000080108643,68.63928162574769
-150.9192543411255,67.21366959571839
-149.75546875,65.7941015625
-151.15841522216797,64.38635047912598
-152.56289062500002,62.9646484375
-153.8212819544971,61.428718045502904
-155.2304568184912,60.01954318150878
-156.6490704345703,58.600929565429695
-155.9898046875,57.129999999999995
-154.34443751335147,57.975562486648556
-152.9296728515625,59.39032714843751
-151.52470410346984,60.79529589653015
-150.2738316500187,62.33616834998131
-148.85436910033226,63.755630899667736
-147.45072873115538,63.74072873115539
-146.03063537597654,62.320635375976565
-144.7859246480465,60.785924648046496
-143.368330398798,59.36833039879799
-141.95671325564382,57.95671325564385
-140.30471046447752,57.13
-139.7027880859375,58.6327880859375
-141.11126639679074,60.041266396790746
-142.5282020175457,61.4582020175457
-143.7784051513672,62.99840515136719
-145.1835055243969,64.4035055243969
-146.6025136566162,65.82251365661621
-145.38925709128378,67.23074290871621
-143.97139076590537,68.64860923409461
-142.71726660370825,70.18273339629174
-141.29789421081543,71.60210578918458
-139.88692292213437,73.0130770778656
-140.01027343750002,74.71
-141.7527017521858,74.08729824781418
-143.16798834234476,72.67201165765525
-144.58034281164407,71.25965718835592
-145.82284156799315,69.71715843200683
-147.23665611267091,68.30334388732909
-148.64421669006347,67.86421669006347
-150.0646128177643,69.28461281776428
-151.2989563012123,70.81895630121231
-152.7104285621643,72.2304285621643
-154.1341481232643,73.6541481232643
-155.69297538757323,74.71
#
-131.7566259765625,86.71674316406249
-133.6017578125,86.13000000000001
-134.68,84.81500000000001
-133.7082421875,84.08000000000001
-131.8421875,84.62468750000001
-129.9163486480713,84.96
-127.91312562823296,84.96
-125.97699645996093,84.66999999999999
-124.09363716125489,84.2089680480957
-122.2979630279541,83.4179630279541
-121.21651367187499,81.7531396484375
-120.7117578125,79.873515625
-120.33000000000001,77.97007662773132
-120.33,75.97078921318054
-120.33,73.97032691955566
-120.39905212402346,72.13905212402344
-121.9762035179138,73.33310175895691
-123.79468750000001,74.12
-125.65085563659667,74.71
-127.65090338826178,74.71
-129.57699691772459,74.41
-131.41513893485072,73.70420742392541
-133.14459603309632,72.73540396690369
-134.38814491271972,71.20371017456054
-135.02531249999998,69.339375
-135.56,67.46570531845093
-135.55999999999997,65.47897259026766
-135.56,63.477261781990535
-135.56,61.47502367019654
-135.56,59.4716049733758
-135.56,57.465743465423586
-133.85859375,57.3325
-133.8,59.32346554458141
-133.80000000000004,61.32343292236328
-133.8,63.31149937592447
-133.8,65.31294857025146
-133.50999999999996,67.25122009277344
-133.07500000000002,69.14
-132.2855517578125,70.953525390625
-130.64290428161624,72.03827903747558
-128.75642204284668,72.54487014770507
-126.7917431640625,72.66
-124.85877990722658,72.36000000000001
-122.9924129486084,71.78882362365724
-121.57402940750121,70.4643351840973
-120.91,68.62357795715332
-120.4479541015625,66.7399755859375
-120.33,64.76002821423113
-120.33,62.75439370632172
-120.33,60.762373915389176
-120.33,58.75978527069091
-119.81248413085937,57.13
-118.57,58.038870580047366
-118.57,60.0291788488091
-118.57,62.03435839533806
-118.56999999999998,64.02638639822369
-118.57,66.0301634581387
-118.57,68.0332167816162
-118.57,70.03539682926377
-118.57,72.0259293448925
-118.57,74.02713855833048
-118.57,76.0374998418428
-118.57,78.03432452814653
-118.72179466247559,79.99358932495116
-119.16,81.895478515625
-119.99268737792968,83.69537475585939
-121.425947265625,85.0679736328125
-123.20472494125366,85.95736247062683
-125.09111938476562,86.46555969238281
-127.0263916015625,86.72
-129.03461842536927,86.72
-131.03248061463236,86.72
#
-114.479296875,74.70992187499999
-114.7119334793091,72.9018470287323
-113.29917545318604,71.48654807090759
-111.89042394049466,70.07526283247395
-110.47557631194593,68.65787051394582
-109.02617164611817,67.29455894470215
-107.51897614479066,65.99897614479065
-106.11233159065247,64.59233159065246
-104.57265129327774,63.351044620275495
-103.1611436867714,61.935153449773786
-101.71151245117188,60.56075622558594
-100.20622519493104,59.27359781265259
-101.27825743675231,58.89
-103.27329433316365,58.89
-105.27511927604675,58.89
-107.27375387147067,58.89000000000001
-109.26370834231376,58.89
-111.27309837767854,58.89
-113.27112901329994,58.89
-114.76,58.270292358398436
-113.7648828125,57.13
-111.76022225379944,57.13
-109.76755261734127,57.13
-107.75991796706569,57.13000000000001
-105.76048326710239,57.129999999999995
-103.75336749389767,57.13000000000001
-101.76318559417501,57.13000000000001
-99.75435054421425,57.129999999999995
-97.8408984375,57.323750000000004
-98.05387477993965,59.1733651304245
-99.47144925117493,60.58839458465576
-100.8807031917572,61.9951184463501
-102.30537951245904,63.41723699986936
-103.80817016601563,64.69215698242188
-105.24783508300781,66.07783508300781
-106.65775451660156,67.48775451660157
-108.20309505224228,68.73309505224228
-109.61455827564001,70.14455827564001
-111.13624206542968,71.42408508300781
-112.56467195510864,72.8036765575409
-110.91362243652344,72.95
-108.91820880541576,72.95
-106.91993208885192,72.95
-104.91317141935231,72.95
-102.91788898775354,72.95
-100.9194452701509,72.95
-98.91096852853894,72.95
-97.77,73.9609935760498
-99.16218746766448,74.71
-101.14659547924995,74.71
-103.1622734940052,74.71
-105.1622232197225,74.71000000000001
-107.15286091974005,74.70999999999998
-109.15347708756802,74.71
-111.14919163703918,74.71
-113.15484033361076,74.71
#
-81.9532568359375,59.463486328125
-82.54,57.6182421875
-82.97,55.706875
-83.326943359375,53.787978515625
-83.8279541015625,51.910024414062505
-84.3247900390625,50.030419921875
-84.96060668945313,48.17600708007812
-85.76,49.1282421875
-86.22187500000001,51.02531249999999
-86.78,52.894044189453126
-87.09291992187501,54.8167626953125
-87.58999999999999,56.69
-88.09398437499999,58.57753906250001
-87.35530258655548,59.47
-85.35857591152192,59.47
-83.34738408565522,59.47
-93.67,74.27549377441406
-93.63444030761718,72.28888061523438
-93.08,70.432021484375
-92.633984375,68.5375390625
-92.13,66.65
-91.62601562500001,64.76246093750001
-91.18,62.872045898437506
-90.74000000000001,60.98531249999999
-90.2525390625,59.0882421875
-89.75098815917968,57.20924377441406
-89.27000000000001,55.324687499999996
-88.82999999999998,53.424696655273436
-88.24499999999999,51.565
-87.61818077087402,49.70974708557129
-86.97953613281251,47.859072265625
-85.9411962890625,46.1811962890625
-84.35792968749999,46.22207031250001
-83.3330234527588,47.91395309448242
-82.69857604980469,49.777379760742186
-82.0679541015625,51.6200244140625
-81.51,53.492045898437496
-81.06355468749999,55.3824609375
-80.56202209472656,57.261423950195315
-80.05384277343751,59.1532373046875
-79.61,61.04469665527344
-79.17,62.9446875
-78.6952099609375,64.8172607421875
-78.1874609375,66.705078125
-77.7,68.596875
-77.26,70.487978515625
-76.68325683593751,72.353486328125
-76.68,74.35932556152343
-78.3627392578125,74.479580078125
-79.01999999999998,72.64710937499999
-79.46000000000001,70.755
-79.8935546875,68.8624609375
-80.34,66.95857604980469
-80.78,65.0667626953125
-81.22000000000001,63.1620458984375
-81.8320458984375,61.34795410156249
-83.77821941375733,61.23
-85.78916854798794,61.23
-87.79568359375,61.230000000000004
-88.98,62.427685546875
-89.42,64.32122009277344
-89.86,66.22246093749999
-90.29999999999998,68.11500000000001
-90.74,70.02000000000001
-91.18,71.91142395019531
-91.62,73.8175390625
-93.106318359375,74.71
#
-63.483486328125004,72.656630859375
-61.638242187500005,72.07
-59.9199755859375,71.13590820312501
-59.072314453124996,69.37647460937501
-58.51,67.5052181529999
-58.565914916992185,65.5162420654297
-59.19367022514343,63.66713307499886
-60.325240478515624,62.05475952148438
-62.11046628713608,61.52
-64.1083505883813,61.52
-66.1145605665073,61.52
-68.10843320768328,61.52
-70.10758911132814,61.519999999999996
-71.7,62.0706248652935
-71.7,64.06434846118093
-71.7,66.06635314941406
-71.7,68.06992567420006
-71.7,70.07834258913994
-70.97760314941407,71.69300354003906
-69.13111938476563,72.32444030761718
-67.22173470497131,72.66
-65.21636794447899,72.66
-60.66514699935913,59.57514699935913
-59.4103756904602,58.046102685928346
-58.8,56.195908203125
-58.510000000000005,54.26569892883301
-58.72075622558593,52.30848754882812
-59.22300308227539,50.431873092651365
-60.39521049499512,48.866859664916994
-62.21722984313965,48.10051414489746
-64.13923515319824,47.75
-66.12570427894593,47.75
-68.09939331054687,47.858306884765625
-69.9900244140625,48.34
-71.70000000000002,49.249403686523436
-71.70000000000002,51.245070160627364
-71.7,53.25635782049969
-71.7,55.25656000783667
-71.7,57.24590265870094
-71.7,59.25591418266296
-70.10758911132812,59.77
-68.09399678736925,59.77
-66.09912125080824,59.77
-64.10835058838128,59.77
-62.08969988971948,59.77000000000001
-73.45,74.12881625056266
-73.44999999999999,72.13311480060219
-73.45,70.1259756555222
-73.45,68.12252529425314
-73.44999999999999,66.13538987840293
-73.45,64.13325763872126
-73.44999999999999,62.1348332133959
-73.45,60.12176800146699
-73.45,58.130804171711205
-73.45,56.13634115582332
-73.45,54.12214958961354
-73.45,52.129569777492435
-73.45,50.13105791881681
-73.45,48.13536747574806
-73.45,46.12666392326355
-71.8071875,45.86765625
-70.98222516059876,46.66355399131775
-69.13702461242676,46.03636283874512
-67.21333572387695,45.7
-65.21778611332178,45.7
-63.254091796875,45.822021484375
-61.362144012451175,46.328927993774414
-59.573533916473394,47.22323304176331
-58.06421387672424,48.495786123275764
-57.11905212402343,50.25189575195313
-56.7467431640625,52.156513671875004
-56.46,54.09639775276184
-56.75,56.031119384765624
-57.28756104469299,57.895122089385985
-58.185654830932606,59.69130966186523
-58.24555844664573,61.466713255643846
-57.3438660800457,63.26537708640099
-56.71444030761719,65.11234558105468
-56.46,67.05379336357117
-56.80784301757812,68.96182983398438
-57.4488037109375,70.817607421875
-58.58341521263123,72.43341521263123
-60.2425803565979,73.52129017829895
-62.05262023925781,74.27857604980468
-63.949580078125,74.71
-65.95082090616226,74.71
-67.9558095240593,74.71
-69.81382835388185,74.11999999999999
-71.65109046936035,73.41428840637207
-72.4658837890625,74.71000000000001
#
-42.116513671875,74.70663085937498
-43.968306884765624,74.12
-45.78520803451538,73.30739598274232
-47.34984435081482,72.10015564918518
-48.75045890808106,70.69954109191895
-49.897978515625,69.085908203125
-50.901855329275136,67.36628934144973
-51.66530334472656,65.54300354003905
-52.36,63.71671569824218
-52.65,61.77102003455162
-52.65,59.77028595805168
-52.54530334472656,57.79699645996093
-52.051176376342774,55.92758705139159
-51.41709571838379,54.07419143676758
-50.51917255282402,52.27834510564804
-49.41097229003906,50.641944580078125
-48.15696144104004,49.11696144104004
-46.743632812499996,47.703632812500004
-45.01804241895675,46.71902120947837
-43.1878125,46
-41.262522600889206,45.7
-39.252427368164064,45.7
-37.3932373046875,46.29
-35.575602798461915,47.063891372680665
-33.99481377005577,48.24518622994423
-32.589362716674806,49.650637283325196
-32.07,51.2525
-33.93536697387695,50.94463302612305
-35.34739185571671,49.532608144283294
-36.98530883789063,48.41234558105469
-38.85737976074219,47.91404418945312
-40.816330404281615,47.75
-42.744448242187495,48.05
-44.62241497993469,48.57318362236023
-46.18750651359558,49.78750651359558
-47.518205337524414,51.256410675048826
-48.63414351463318,52.899006204605094
-49.52679829597473,54.691945295333866
-50.160401821136475,56.53322436332702
-50.599999999999994,58.428684979826215
-50.6,60.43322928071022
-50.6,62.435563554763796
-50.02,64.29142395019531
-49.32389137268066,66.12560279846191
-48.364696655273434,67.86530334472657
-47.2811242389679,69.52887576103211
-45.86861336708069,70.94138663291932
-44.22290428161621,72.03827903747558
-42.345908203125,72.537978515625
-40.3717431640625,72.66
-38.4531591796875,72.36
-36.58145399093628,71.79572699546814
-35.02517004013062,70.55517004013062
-33.61671264648437,69.14671264648437
-31.85,69.52218750000002
-32.907797241210936,71.07779724121093
-34.322187500000005,72.4921875
-35.99630102992058,73.55556264042855
-37.816484375,74.3182421875
-39.7174071598053,74.71
-41.72695366859436,74.71
#
-17.7833740234375,72.656630859375
-15.938242187500002,72.07
-14.212917251586914,71.12291725158691
-12.805043716430664,69.71504371643067
-11.695914916992187,68.08182983398439
-10.686584787368776,66.36758482933044
-9.9253125,64.54218750000001
-9.29,62.69053260803223
-9.29,60.69230979561806
-9.29,58.697870513945816
-9.612620239257812,56.78022766113281
-10.246766967773437,54.925809936523436
-11.136201553344726,53.13933876037598
-12.247685546875001,51.506474609375005
-13.520978517532349,49.97902148246765
-15.032414979934693,48.69681637763977
-16.882847900390626,48.05
-18.80766014933586,47.75
-20.813275913000105,47.75
-22.77,47.9
-24.658779907226563,48.339999999999996
-26.29,49.33820459485054
-26.29,51.32657595992087
-26.29,53.326616281885656
-26.29,55.33986984610558
-26.289999999999996,57.338396819978946
-26.29,59.336874809842556
-26.29,61.3296370573528
-26.29,63.335879498717844
-26.29,65.33130368648096
-26.29,67.33797739276662
-26.29,69.33578470682725
-26.181693115234374,71.29469665527344
-24.403828353881835,72.07
-22.533525390625,72.63231445312499
-20.54532009720802,72.66
-18.543529638051986,72.66
-28.04,73.6501011288166
-28.04,71.63420203253627
-28.040000000000003,69.63879044615896
-28.04,67.64119154432788
-28.040000000000003,65.63485852838727
-28.040000000000003,63.649145806210576
-28.04,61.63858628275571
-28.040000000000003,59.64331134984968
-28.04,57.63740670308471
-28.04,55.63814684541663
-28.04,53.65073099857196
-28.04,51.646869208421556
-28.04,49.641465110641434
-28.04,47.65023999288678
-27.851249999999997,45.72109375
-26.29,46.300516815185546
-25.146240644454956,46.45201066017151
-23.29676695823669,45.819395303726196
-21.33440489768982,45.7
-19.328469084352253,45.7
-17.373828353881834,45.91161270141602
-15.488508834838868,46.415210494995115
-13.697221460342409,47.30704293251038
-12.22878804206848,48.62562721252442
-10.814931287765503,50.04485984802246
-9.735000000000001,51.71
-8.783359375,53.459609375
-8.12,55.3027392578125
-7.54,57.160730590820314
-7.24,59.09516880393028
-7.24,61.094741155952214
-7.54,63.027812499999996
-8.048880615234374,64.89653503417969
-8.683681640625,66.752724609375
-9.586614990234375,68.54328735351562
-10.690419921875,70.175478515625
-12.059590157270431,71.61453156471252
-13.503345384597779,73.00643153190613
-15.286896362304688,73.89441223144532
-17.175078125,74.41
-19.092696946859355,74.71
-21.09764651298523,74.71
-23.08892150878906,74.69541564941406
-24.94533137321472,74.05776061058044
-26.290000000000003,73.88804784774781
-27.606535034179686,74.71
#
-3.149296875,74.70992187499999
-3.4299999999999997,72.88255500793457
-3.43,70.89788209306076
-3.43,68.88171049021884
-3.43,66.8898437778349
-3.43,64.8906200696039
-3.43,62.8955211742036
-3.4299999999999997,60.89142976732691
-3.43,58.89574334600707
-3.43,56.88250009892741
-3.43,54.89169139755191
-3.4299999999999997,52.89539654118707
-3.43,50.8838531114161
-3.43,48.88044726058841
-3.43,46.881408182382586
-2.4729753875732423,45.7
-0.9180739748477937,45.7
1.0794827529974282,45.7
3.0708148034103218,45.7
5.073320057224482,45.7
7.081346334125847,45.7
9.065806831866503,45.7
11.064076013565064,45.7
13.080976761579514,45.7
13.475624999999997,47.34625
11.51741919571534,47.46
9.51628498768434,47.46
7.521979457587004,47.46
5.51601908326149,47.46
3.518605751153082,47.46
1.514368571043015,47.46
-0.48562997534871094,47.46
-1.68,48.395628471374515
-1.68,50.40176232159138
-1.6800000000000002,52.4100454711914
-1.6800000000000002,54.3989729732275
-1.6800000000000002,56.396364250183105
-1.68,58.40185150146485
-0.05443916320800764,58.89
1.9578568179905416,58.89
3.946749073266983,58.89
5.940971593856812,58.89
6.508906250000001,60.451249999999995
4.578743339776993,60.64
2.5698858503066004,60.64
0.5600146125257016,60.64
-1.4334375,60.64527343749999
-1.6799999999999997,62.53280855827034
-1.6800000000000002,64.53603469990193
-1.68,66.5254019165039
-1.6800000000000002,68.52796642839908
-1.68,70.53759641587733
-1.68,72.52837890625
0.024703587293624957,72.95
2.0178271484375,72.95
4.012706812825054,72.95
6.009379146043211,72.95
8.02239315852523,72.95
10.01869017601013,72.95
12.020949239730836,72.95
13.559999999999999,73.55970764160156
12.564882812499999,74.71
10.578597772996872,74.71
8.56755261734128,74.71000000000001
6.571756475735456,74.70999999999998
4.572482568251434,74.71
2.576384950298816,74.71
0.5836830055713653,74.70999999999998
-1.4302819984592499,74.71
#
17.06130859375,74.70992187499999
16.78,72.88255500793457
16.78,70.88360077672405
16.780000000000005,68.88171049021884
16.78,66.8898437778349
16.78,64.8906200696039
16.78,62.8955211742036
16.78,60.89142976732691
16.78,58.89574334600707
16.78,56.88250009892741
16.78,54.89169139755191
16.78,52.89539654118707
16.78,50.8838531114161
16.78,48.88044726058841
16.78,46.881408182382586
17.733615885972977,45.7
19.72478836884722,45.7
21.728552885055542,45.7
23.73274542087922,45.7
25.73151398057118,45.7
27.740578336715696,45.7
29.735783637408165,45.7
31.72384254455566,45.7
33.66281250000001,45.86765625
33.27290299415588,47.46
31.286746978312728,47.46
29.28189797952771,47.46
27.288315411116923,47.459999999999994
25.277022300679235,47.46
23.28515179308131,47.46
21.282080618590115,47.459999999999994
19.284510027170178,47.46
18.540000000000003,48.86924191951752
18.54,50.85630893528461
18.54,52.852583403587346
18.54,54.85948693752289
18.54,56.86038344539702
18.630937499999998,58.82875
20.61655144780874,58.89
22.617675894796847,58.89
24.624820141494276,58.89
26.58015625,58.9971875
26.317740631103515,60.64
24.327405178546904,60.63999999999999
22.327772510051727,60.64
20.317301908433436,60.64
18.54,61.00005501747131
18.54,63.000465846378354
18.54,64.99971082614735
18.54,67.0051169900596
18.54,69.00884923577308
18.54,70.99353712117299
18.54,72.99393299654125
18.105308837890625,74.71
#
48.1233740234375,74.70663085937498
46.2782421875,74.11999999999999
44.460672925710675,73.31378183960915
42.8978515625,72.1146875
41.48806555747986,70.69954109191895
40.3379541015625,69.085908203125
39.33308607816696,67.36628934144973
38.56469665527344,65.54300354003905
37.88,63.71671569824218
37.58,61.78958930969238
37.58,59.78292703017593
37.681566314697264,57.81025291442871
38.18358932495117,55.92758705139159
38.81344192504883,54.07419143676758
39.71356981277466,52.289192066192626
40.81968383789062,50.641944580078125
42.079314928054806,49.11696144104004
43.4872900390625,47.703632812500004
45.21829073309898,46.71902120947837
47.050625000000004,46
48.977477399110796,45.7
50.97547066688538,45.7
52.8324609375,46.29
54.65778274536133,47.063891372680665
56.235186229944226,48.24518622994423
57.6481953792274,49.6581953792274
58.162499999999994,51.2525
56.30324256896973,50.94463302612305
54.87300422668457,49.52048080444336
53.253464965820314,48.41234558105469
51.36358932495118,47.90702896118164
49.406617239713675,47.75
47.486474609375,48.05
45.6041162109375,48.579975585937504
44.04061544299125,49.79938455700874
42.71,51.27
41.595856485366824,52.899006204605094
40.70320170402527,54.691945295333866
40.07111808776855,56.54524040222167
39.63,58.441623849868776
39.63,60.43322928071022
39.63000000000001,62.435563554763796
40.22,64.305
40.906108627319334,66.12560279846191
41.87169311523437,67.86530334472657
42.958875761032104,69.52887576103211
44.37138663291931,70.94138663291932
46.017095718383786,72.03827903747558
47.89002441406251,72.537978515625
49.8682568359375,72.66
51.801220092773434,72.36000000000001
53.66758705139161,71.78882362365724
55.209031372070314,70.55096862792969
56.52169311523437,69.05939331054688
56.63,67.10410723686218
56.63,65.09536061882972
56.63,63.103518676757815
55.17865705966949,62.4
53.16659897148609,62.4
51.162336764335635,62.400000000000006
49.59,62.96284790039063
48.059999999999995,63.565625
47.84,61.680390625
48.92823219239712,60.63999999999999
50.930920665860185,60.64
52.93495393276215,60.64
54.93859375,60.64
56.927968605160714,60.64
58.38,61.3405290043354
58.38,63.34190612792969
58.38,65.335
58.379999999999995,67.35129941955209
58.38,69.35230468750001
57.410134401321415,70.98986559867859
55.997009706497195,72.40299029350281
54.34851981878281,73.5007400906086
52.525000000000006,74.265
50.62766840934753,74.71000000000001
48.6403670501709,74.71
#
62.471308593749995,74.70992187499999
62.19,72.88255500793457
62.19,70.88360077672405
62.18999999999999,68.88171049021884
62.19,66.8898437778349
62.19,64.8906200696039
62.190000000000005,62.8955211742036
62.19,60.89142976732691
62.19,58.89574334600707
62.19,56.88250009892741
62.19,54.89169139755191
62.19,52.89539654118707
62.19,50.8838531114161
62.19,48.88044726058841
62.19,46.881408182382586
63.138999958038326,45.7
63.949999999999996,47.05176156505943
63.95,49.04768780708313
63.95,51.0482916200161
63.95,53.0495214494504
63.95,55.04947879686952
63.95,57.04621887207031
64.22273437499999,58.8896875
66.22581369534134,58.89
68.21260332867503,58.89
70.21332924993709,58.89
72.22007247909903,58.89
74.22116012742742,58.89
76.223600230664,58.89
77.43,57.96565994247794
77.43,55.966048492919654
77.43,53.95558506665752
77.43,51.96317387387157
77.43,49.966273982133714
77.43,47.9671875
77.434375,45.960625
79.1778125,45.98015625
79.18,47.97518010577187
79.18,49.980202911328526
79.18,51.97298289806349
79.18,53.97045361326309
79.18,55.97635492620989
79.18,57.98663602954475
79.18,59.976119644034185
79.18,61.96962670079199
79.18,63.97234508391702
79.18,65.98218511120183
79.18,67.9810822375468
79.18,69.97093749999999
79.18,71.98777937889099
79.18,73.98634516075253
77.7702734375,74.71
77.43,72.9428320376575
77.43,70.94114029765129
77.43,68.93123535156249
77.43000000000002,66.9462073986046
77.43,64.94497417524457
77.43,62.9420501984097
77.43,60.949762954711915
75.5751648245752,60.64
73.57362913504242,60.64
71.56995355116203,60.64
69.57590272596106,60.64
67.57625860055907,60.64
65.57090667366981,60.64
63.95,61.15158153414726
63.95,63.14921316256746
63.95,65.14658488543704
63.95,67.14274481968954
63.95,69.14427362633869
63.95,71.14928874015808
63.95,73.14277510210871
63.3622361755371,74.71
#
83.57070312499998,74.70992187499999
83.29000000000002,72.88255500793457
83.29,70.89788209306076
83.29,68.88171049021884
83.29,66.8898437778349
83.29,64.8906200696039
83.29,62.8955211742036
83.29,60.89142976732691
83.29,58.89574334600707
83.29,56.88250009892741
83.29,54.89169139755191
83.29000000000002,52.89539654118707
83.29,50.8838531114161
83.29000000000002,48.88044726058841
83.29,46.881408182382586
84.24702461242676,45.7
85.04,47.04482030704618
85.04,49.05385215462884
85.03999999999999,51.04640188300982
85.04,53.05919947003945
85.03999999999999,55.047669901468325
85.03999999999999,57.04505098723108
85.04,59.06165472302353
85.04,61.05767643119907
85.04,63.0591345979832
85.04,65.04846551169408
85.04000000000002,67.05677216121927
85.04,69.04960547581547
85.04,71.05346428934251
85.04,73.05883921621367
84.5671875,74.71
#
92.063486328125,74.70663085937498
90.24257690429687,74.04323303222657
89.14,72.50096402168275
89.89268348693847,71.35268348693847
91.4833740234375,72.36
93.34393310546875,72.95
95.3500603914261,72.95
97.31737976074218,72.81857604980469
99.20025291442872,72.36
101.04079077720642,71.68635336875916
102.35679825544358,70.26423363804817
103.25233090162277,68.46703456044197
103.5,66.52848693847656
103.5,64.5371875
103.5,62.52510415538447
103.5,60.53196022033691
103.5,58.52523994445801
103.5,56.53455565020442
103.5,54.52562086330727
103.5,52.532240729779005
103.5,50.525559289176016
103.5,48.5202383518219
103.5,46.521412153989075
104.81653503417968,45.7
105.25999999999999,47.41212585614994
105.26,49.39620245238766
105.26,51.415131038427354
105.26,53.402958473435135
105.26,55.409388402674814
105.26,57.40826416547643
105.26000000000002,59.407599591847976
105.25999999999999,61.39967305203899
105.26,63.40588619457557
105.26000000000002,65.40438379896804
105.26,67.40329527081921
105.01063453793526,69.34703456044198
104.11624064445496,71.12973803520202
102.8913623046875,72.6786376953125
101.16465366601945,73.67767316699029
99.3455517578125,74.41
97.42468757629395,74.71
95.42039332985878,74.71
93.40662825584411,74.71
#
109.64130859375003,74.70992187499999
109.36,72.88255500793457
109.36,70.88360077672405
109.36000000000001,68.88171049021884
109.35999999999999,66.8898437778349
109.36,64.8906200696039
109.36,62.8955211742036
109.35999999999999,60.89142976732691
109.35999999999999,58.89574334600707
109.36,56.88250009892741
109.36,54.89169139755191
109.36000000000001,52.89539654118707
109.36000000000001,50.8838531114161
109.36,48.88044726058841
109.36,46.881408182382586
110.31702461242676,45.7
111.12,47.044799100607634
111.12,49.04615584073588
111.12,51.041119330953805
111.12,53.038379228953275
111.12,55.041235231161124
111.12,57.047473029047254
111.84727426886559,57.28065372467041
113.26289174437522,55.861003150939936
114.65768554687499,54.436474609375004
115.92728303290905,52.91150076827034
117.34591949462892,51.49113426208496
118.75391630373895,50.081420383695516
120.16961181640625,48.66399841308594
121.58764272212983,47.24423820137977
122.98767364501953,45.84249992370606
124.59000000000002,46.20379844665528
123.86230470180512,47.89769529819488
122.44625728331505,49.31374271668493
121.02913552872837,50.73086447127163
119.61908625639975,52.14091374360025
118.20984577178955,53.550154228210445
116.78550304412842,54.97449695587158
115.54438672065733,56.51561327934265
114.13672609850764,57.92327390149236
112.72030650302767,59.33969349697232
112.38826543688774,60.74699892997742
113.81327390149235,62.16865443348884
115.21939725279807,63.57146925926209
116.46088947296143,65.11088947296143
117.87495813906193,66.52495813906192
119.29255290456118,67.94255290456117
120.70612186133862,69.35612186133861
122.11860959358512,70.76860959358513
123.53478045403958,72.18478045403957
124.59000000000002,73.74297538757324
123.4013623046875,74.71
121.92006175994874,73.49858622550964
120.50163341753183,72.07842809243127
119.09005668453874,70.66512992439792
117.67188171736896,69.24522547556087
116.26572172224522,67.83735065117477
114.87215698242187,66.38817016601563
113.59586860656738,64.88292236328125
112.18264101549983,63.46566848278046
111.12,62.88568109631538
111.12,64.88847976326943
111.12,66.88915966553614
111.12,68.89710658192635
111.12,70.88775328455492
111.12,72.88892520070075
110.79107849121094,74.71
#
128.980703125,74.70992187499999
128.69999999999996,72.88255500793457
128.7,70.89788209306076
128.7,68.88171049021884
128.7,66.8898437778349
128.7,64.8906200696039
128.7,62.8955211742036
128.7,60.89142976732691
128.7,58.89574334600707
128.7,56.88250009892741
128.7,54.89169139755191
128.7,52.89539654118707
128.7,50.8838531114161
128.7,48.88044726058841
128.7,46.881408182382586
129.65702461242677,45.7
130.45,47.04510359495878
130.45,49.05824098587036
130.45,51.045884444378316
130.45,53.05692942213733
130.45,55.044455997846086
130.45,57.055356675316574
130.45,59.05664789211005
130.45,61.0440902352333
130.45,63.053964485577296
130.45,65.0559924178198
130.45,67.05494107489008
130.45,69.05065127147827
130.45,71.05233590472488
130.6640625,72.9431640625
132.66392433166502,72.95
134.6732513332367,72.94999999999999
136.66244913935662,72.95
138.66987013816833,72.95
140.65702922269702,72.95
142.67063843131064,72.95
144.66400012373924,72.95
145.69,74.0778545475006
144.18406884312628,74.71
142.18898276925086,74.71
140.17840382769703,74.71
138.1728555814922,74.70999999999998
136.1832788193226,74.71
134.17906250000001,74.71
132.19101723074914,74.71
130.18265792295335,74.71
#
164.72070312499997,74.70992187499999
164.44,72.88948308631778
164.44,70.88300287986175
164.44,68.89127320454689
164.44,66.88538135187001
164.44,64.89483239531516
164.44,62.89256322130561
164.44,60.881372604370114
164.44,58.879748184066266
164.44,56.88378227645531
164.44,54.895104423929006
164.44,52.89115147342905
164.44,50.885147218704226
163.5146875,52.1953125
162.44591491699217,53.85215698242187
161.4178125,55.5528125
160.41699645996093,57.26239685058594
159.390419921875,58.9572607421875
158.3167626953125,60.6132373046875
156.81320367813112,59.75129017829895
155.7417578125,58.1017578125
154.70685966491698,56.41478950500488
153.69681193351747,54.696898241043094
152.6996243095398,52.983897314071655
151.69635848999025,51.27524040222168
151.25,51.923686512261625
151.25,53.92691776761785
151.25,55.9257995464094
151.25,57.936037390381095
151.25,59.92728255549446
151.25,61.91941667914391
151.25,63.924101814981555
151.25,65.92182548522949
151.25,67.93075485423208
151.25,69.92939774513245
151.25,71.93587060526013
151.25,73.93132104754449
149.60999999999999,74.37062499999999
149.5,72.40329794585705
149.5,70.40039396335371
149.5,68.39560429625213
149.5,66.39889252893627
149.5,64.40331567905844
149.5,62.39821019478143
149.5,60.410094786742704
149.5,58.39522749616765
149.5,56.41091953893192
149.5,54.398837655410176
149.5,52.39844845154323
149.5,50.39375
149.5,48.39749538421631
149.5,46.397513160705564
150.93107849121094,45.7
151.25,47.53541564941406
152.17687500000002,49.26531250000001
153.26444030761718,50.90765441894531
154.37843368530272,52.53363845825195
155.49142395019533,54.17284790039062
156.49128845214844,55.883233032226556
157.54921875,57.55921875
158.71151245117187,56.56970764160157
159.71128845214844,54.866766967773444
160.8282421875,53.213515625
161.93142395019532,51.59262023925781
163.04570266723633,49.95111808776855
164.152890625,48.314648437500004
164.44,46.38838171958923
165.8868603515625,45.7
166.2,47.54762057168409
166.2,49.54070328101516
166.2,51.545176800340414
166.2,53.53877043053508
166.19999999999996,55.53915192618966
166.2,57.534954138158355
166.2,59.53935737609863
166.2,61.534984741210934
166.2,63.547790424656114
166.2,65.53775971824302
166.2,67.55084490662207
166.2,69.54229677031515
166.2,71.54272044141544
166.2,73.54423276951536
165.23297538757325,74.71
#
170.580703125,74.70992187499999
170.3,72.88255500793457
170.3,70.89788209306076
170.3,68.88171049021884
170.30000000000004,66.8898437778349
170.3,64.8906200696039
170.3,62.8955211742036
170.30000000000004,60.89142976732691
170.3,58.89574334600707
170.3,56.88250009892741
170.3,54.89169139755191
170.3,52.89539654118707
170.3,50.8838531114161
170.3,48.88044726058841
170.3,46.881408182382586
171.25702461242676,45.7
172.05,47.058353662490845
172.74469665527343,48.84300354003907
173.8467858886719,50.462345581054684
174.94444030761719,52.11444030761719
176.02404418945312,53.77404418945312
177.07636283874513,55.45702461242676
178.07905987739565,57.1603390789032
179.1910282897949,58.79554031372071
180.1864220428467,60.5090064239502
181.1900244140625,62.220048828125
182.1962420654297,63.93441223144531
183.2024609375,65.64246093749999
184.2682421875,67.2882421875
185.41204589843753,68.9000244140625
185.53,67.40073905706406
185.53,65.39644102040678
185.53,63.40513928791974
185.53,61.40254354391247
185.53000000000003,59.393623204529284
185.53000000000003,57.4005229658261
185.53,55.411923828125
185.53,53.40118828065228
185.53,51.396097934059796
185.53,49.40195300395135
185.53,47.412677294909955
185.96469116210938,45.7
187.29,46.52969168866053
187.29,48.52119797825813
187.29,50.5330633133091
187.29000000000002,52.53565626152558
187.29000000000002,54.5239367711544
187.29,56.518286774575245
187.29,58.52305878969142
187.29,60.53790259361267
187.29,62.52621460914611
187.29,64.53337204392301
187.28999999999996,66.53395909195766
187.29,68.52342963576316
187.29,70.51928010210395
187.28999999999996,72.52393867479637
187.2612890625,74.5259375
185.53,74.3968603515625
185.15169372558594,72.48338745117186
184.14699645996097,70.76760314941406
183.14363716125487,69.05727432250977
182.1496883392334,67.3593766784668
181.14191349983216,65.63870982170106
180.14022532463076,63.93045064926147
179.143525390625,62.2179736328125
178.1016931152344,60.535303344726564
177.036630859375,58.8833740234375
176.02122009277343,57.159707641601564
175.01871154785155,55.446766967773435
173.97404418945314,53.77404418945312
172.9156628417969,52.12107849121093
172.05,50.9975103701651
172.05,52.99853874579072
172.05,54.991081733682655
172.05,56.99246216684347
172.05,58.996269144963
172.05,60.98479437844827
172.05,62.99679253978655
172.05,64.99719282532111
172.05,66.99929032431915
172.05,68.99560302959755
172.05,70.98479732157662
172.05,72.99664542198181
171.63478950500487,74.71
#
204.876513671875,72.656630859375
206.7217578125,72.07
208.44708274841307,71.12291725158691
209.85495628356932,69.71504371643067
210.96408508300783,68.08182983398439
211.96341521263125,66.36758482933044
212.73312500000003,64.54218750000001
213.35999999999999,62.69053260803223
213.36,60.69230979561806
213.36,58.697870513945816
213.03608476638794,56.76658478736877
212.40323303222655,54.925809936523436
211.5084745514393,53.128645466566084
210.39444030761717,51.48888061523437
209.13902148246765,49.97902148246765
207.6275850200653,48.69681637763977
205.7726202392578,48.05
203.84522818565367,47.75
201.8579630279541,47.79171371459961
199.9817578125,48.34
198.29515191078187,49.34484808921813
196.87938591003416,50.76061408996581
195.8024609375,52.415078124999994
194.79588378906251,54.124165039062504
194.04246093749998,55.9346484375
193.44,57.80284865736961
193.44,59.79833788231015
193.44,61.80874626159668
193.80357795715332,63.7109935760498
194.43646151542663,65.56391842842102
195.32731651306153,67.35324256896973
196.4372607421875,68.984521484375
197.72102855801583,70.49102855801583
199.24475952148438,71.74737976074219
201.114091796875,72.36
203.03102385520936,72.66
201.79111808776855,74.63429733276367
199.9024609375,74.12
198.12089901804922,73.23921355366707
196.5905096435547,71.9968994140625
195.171789560318,70.57278495788574
194.0753125,68.940625
193.06297538757323,67.21595077514648
192.30555969238281,65.40234558105469
191.68,63.5522998046875
191.39000000000001,61.61515597701073
191.38999999999996,59.61974624752998
191.56204589843747,57.6599755859375
192.06364663124086,55.779209222793575
192.69421387672423,53.93157224655151
193.59578612327573,52.128427753448484
194.70492187500003,50.496484375
196.00250854060053,49.00333743453026
197.41314963340758,47.58733268737792
199.1721533679962,46.64739598274231
201.01933822631835,46
202.94833978533745,45.7
204.9411193847656,45.736785888671875
206.80204589843748,46.29
208.60817954301834,47.134089771509174
210.15378356933593,48.35378356933594
211.5762841796875,49.7762841796875
212.69802368164062,51.40151245117188
213.69610268592834,53.11220537185669
214.4642973327637,54.93111808776855
215.11999999999998,56.78046386718751
215.41,58.71532944798469
215.41000000000003,60.71526649475097
215.2717946624756,62.681176376342776
214.775908203125,64.5641162109375
214.14024645805358,66.40950708389282
213.24263752937316,68.20472494125366
212.1340850830078,69.84182983398438
210.85660209655762,71.35339790344239
209.44986228942872,72.76013771057129
207.71221725463866,73.72389137268067
205.86617164611815,74.41
203.9429296875,74.71
#
229.1866259765625,61.2267431640625
231.03175781250002,60.64
232.754091796875,59.7099755859375
233.60676269531248,57.9555517578125
234.15999999999997,56.080223083496094
234.16000000000003,54.08085693359374
233.87,52.1433740234375
233.36699645996094,50.25760314941406
232.1122361755371,48.781118087768554
230.28765441894532,48.05
228.34821694374085,47.75
226.3474863433838,47.75
224.487109375,48.34
222.75358932495118,49.20641067504883
221.86,50.93312499999999
221.27,52.80352020263672
221.27,54.797958793640134
221.523125,56.74781250000001
222.02122009277343,58.61970764160156
223.23379844665527,60.16102828979492
225.05507812500002,60.927109375
226.97426983952522,61.23
228.96928162574767,61.23
219.22,73.09670493463054
219.22000000000003,71.09541044905781
219.22,69.0996236427687
219.22,67.09371906876564
219.22,65.08783360468456
219.21999999999997,63.09998397782445
219.22,61.09922261872561
219.22,59.10315518961521
219.21999999999997,57.095928793916535
219.22,55.086765732641794
219.22,53.095757432132956
219.22,51.09553515936946
219.22,49.094450023025274
219.22,47.09629779336974
219.9690064239502,45.7
220.98,46.844793701171874
221.33792968749998,47.98207031250001
222.97517410278323,46.9024129486084
224.80358932495116,46.13820533752441
226.69500393509864,45.70000000000001
228.69617009162903,45.7
230.59590820312502,46.117954101562496
232.41876925110816,46.88185532927514
234.06940615653994,47.94940615653992
235.22091484069824,49.57182968139648
235.84682075500487,51.41364151000977
236.21,53.327120018005374
236.21,55.32516143798828
235.92,57.26151245117188
235.36118934631347,59.12762130737305
234.3009935760498,60.7990064239502
232.70494673728942,61.959388446807864
230.88647460937497,62.726762695312495
229.00548972129823,63.279999999999994
227.01982300758362,63.28
225.073486328125,62.9867431640625
223.26171545743944,62.22684796571732
221.5620721435547,61.22207214355469
220.98,61.82594042165205
220.98,63.8337255859375
220.98,65.82622509384528
220.98,67.8274769124575
220.98,69.82478938460349
220.98,71.81996832728386
220.98,73.81832031249999
219.72379844665528,74.71
#
253.7966259765625,72.656630859375
255.64175781249997,72.07
255.1570848083496,70.79708480834961
254.38,69.1141362762451
255.6586670207977,68.26
257.2130312347412,69.33303123474121
258.63,69.87
259.79297103881834,68.27358932495117
260.7975870513916,66.56006019592286
261.555,64.745
262.28999999999996,62.91126072883606
262.29,60.91593758583069
262.29,58.91265778183937
262.0635779571533,56.97099357604981
261.41,55.12531249999999
260.5352404022217,53.32300422668457
259.4646966552734,51.66830688476563
258.2124934864044,50.12249348640441
256.746318359375,48.7931591796875
254.9219445800781,48.05
252.98936462402347,47.75
250.98589843750003,47.75
249.13492187500003,48.32753906250001
247.38036608338354,49.18963391661644
245.9660015964508,50.60399840354919
244.82795410156248,52.204091796875005
243.82129017829894,53.93253682136535
243.0583068847656,55.74699645996094
242.37,57.580692281723024
242.37,59.58945669054985
242.37,61.5844538116455
242.63284790039063,63.520227661132814
243.27030754089355,65.3707886505127
244.16033907890318,67.15845883369445
245.253125,68.803125
246.49512719154356,70.33512719154358
247.9847104644775,71.65382835388185
249.8268408203125,72.36
251.75501729011538,72.66
253.7570947265625,72.66
249.040419921875,74.12
247.23620351791382,73.33310175895691
245.66356803894044,72.14356803894043
244.2425,70.72250000000001
243.08595581054686,69.11284790039062
242.08870982170106,67.4074196434021
241.3246691131592,65.58363716125488
240.61,63.7620947265625
240.32,61.82608416557312
240.32,59.8209263908863
240.3992437744141,57.84877990722657
240.905,55.955
241.54027343750002,54.09945312500001
242.4344122314453,52.31117553710938
243.54325683593748,50.673486328125
244.7831005859375,49.1468994140625
246.20721504211426,47.72278495788574
247.9119871520996,46.7390064239502
249.74444824218753,46
251.6761683499813,45.7
253.66410156249998,45.7
255.52464843750002,46.2775390625
257.3548610651493,47.0442074239254
258.9366175556183,48.20945640563965
260.34980870604517,49.62802090644837
261.5279541015625,51.215908203125
262.53705955863,52.93411911725998
263.3014239501953,54.75737976074219
264.04999999999995,56.57781249999999
264.34000000000003,58.51358881950378
264.34,60.51276756286621
264.29468749999995,62.49218749999999
263.7963628387451,64.37297538757323
263.1568603515625,66.23627929687498
262.26549111008643,68.01901777982712
261.17591491699216,69.67215698242188
259.9244921875,71.21234375
260.50288554191593,72.63046482086182
260.806328125,74.4959375
258.9546515655517,74.59465156555176
257.524375,73.2778125
255.72204589843753,74.11999999999999
253.8444482421875,74.682314453125
251.85196434020997,74.71
#
276.946513671875,61.516743164062504
278.81182983398435,60.94
280.6765847873688,60.383915233612065
282.1099136924744,59.08689824104309
282.8,57.236484375
283.09000000000003,55.30670459747314
283.09,53.311256408691406
282.71802368164066,51.401512451171875
281.9580554199219,49.586766967773436
280.3532017040253,48.437426500320434
278.4735779571533,47.93487014770508
276.5078350830078,47.75
274.58348632812493,48.05
272.707603149414,48.553003540039064
271.22364151000977,49.80524040222168
270.49,51.632345581054686
270.08870780944824,53.54642204284668
269.91,55.49833097934722
269.91,57.5056670075655
269.91,59.49526217937469
269.99875000000003,61.46640625
272.0061963105202,61.519999999999996
274.00334464311595,61.52
276.0028318786621,61.52
268.15,73.82962559668347
268.15,71.83869484052062
268.15,69.82966463338816
268.15,67.83864094042917
268.15,65.82825642919866
268.15,63.831164598464966
268.15,61.824893198627976
268.15,59.83049267860129
268.15,57.82212803122354
268.15,55.83679550984176
268.15,53.83836278304457
268.15,51.83492446056334
268.15,49.83149901032448
268.15,47.83126628630562
268.215693359375,45.854384765625
269.91,46.100546875
269.9100000000001,48.10707696914673
271.2523087000847,47.228845649957655
273.04112661361694,46.33443669319153
274.9126202392578,45.83595581054688
276.8843931293488,45.7
278.81182983398435,46
280.67932184219364,46.549660921096795
282.47372070312497,47.4468603515625
283.8159375,48.904999999999994
284.55,50.7400244140625
285.08408508300784,52.618170166015624
285.14,54.5930725479126
284.9882053375244,56.558823623657226
284.55,58.455478515625
283.72196190834046,60.265111541748055
282.284052734375,61.628896484375
280.50527505874635,62.525886936187746
278.6078125,63.0353125
276.6680128479004,63.28
276.5450171005726,64.05501710057258
277.9117578125,65.5166796875
279.1977685546875,67.0077685546875
280.6197620487213,68.42976204872132
282.02554188728334,69.83554188728333
283.27918457031245,71.37918457031249
284.6850385570526,72.7850385570526
285.0691015625,74.5784375
283.28050582885743,74.31389137268066
282.03481002807615,72.77481002807617
280.612421875,71.352421875
279.36778274536135,69.81439720153809
277.95936998367307,68.39996558189392
276.70739598274236,66.86045064926148
275.4641442871094,65.32414428710938
274.1482053375244,63.851176376342764
272.4428094482422,63.28
270.4303009033203,63.28
269.90999999999997,64.88835952155293
269.91,66.8812585067749
269.91,68.89473092377186
269.91,70.89056264221668
269.91,72.87988378942012
269.5968603515625,74.71
#
291.28581176757814,74.70578308105469
289.87857681274414,73.28890953063964
289.9044531249999,71.33077148437499
291.34237869262694,72.41237869262696
293.1245442676544,72.95
295.11709139600396,72.95
297.12254631996154,72.95
299.04151245117185,72.66
300.906474609375,72.09676269531249
302.66590820312496,71.24409179687501
303.6,69.524921875
304.18,67.6546484375
304.48,65.72610862731933
304.0214239501953,63.83737976074219
303.2773797607422,62.082847900390625
301.51711916834114,61.230000000000004
299.5213477492332,61.23
297.50693901270625,61.23
295.51838366616516,61.22999999999999
293.51777175456283,61.230000000000004
291.62600227355955,60.81061828613281
290.27,59.47
289.63818077087404,57.61974708557129
289.24,55.71538776397705
289.24,53.71051624298096
289.54,51.78642204284668
290.07046386718747,49.909072265625
291.1061086273193,48.23389137268067
292.6984184455872,47.05079077720642
294.51663085937497,46.29
296.38181824684136,45.70000000000001
298.36896776154634,45.7
300.37559751326216,45.7
302.38509856343273,45.7
304.3156591796875,45.835659179687504
305.65,47.285478515625
305.4475,49.19265625
304.008203125,47.86820312500001
302.1736083984375,47.46
300.1653815746307,47.46
298.179636400938,47.459999999999994
296.24507812499996,47.762890625
294.3840441894531,48.34
292.6730035400391,49.30060668945312
291.83468750000003,51.07062499999999
291.29,52.929747085571286
291,54.865403966903685
291.5377439880371,56.73722984313965
292.3369969177246,58.46699691772461
294.14377189636235,59.18
296.15098804593083,59.17999999999999
298.14660572702064,59.18
300.1477774715423,59.17999999999999
302.1452880859375,59.18000000000001
304.0337992858887,59.691899642944335
305.29207031249996,61.10414062500001
305.9275390625,62.9646484375
306.23,64.88934627532959
306.23,66.88125751495362
305.94,68.8246484375
305.32232048034666,70.67535903930664
304.22610268592837,72.32389731407164
302.60338843464854,73.4461853325367
300.7891178894043,74.20544105529784
298.89957756996154,74.71
296.912100263834,74.71000000000001
294.8977903832495,74.71
292.909793985635,74.71
#
318.82130859374996,74.70992187499999
318.54,72.88088809791952
318.53999999999996,70.8972557740286
318.54,68.88603076696396
318.54,66.89499097239693
318.54,64.8792374800099
318.54,62.890959291416216
318.54,60.88474253538996
318.5400000000001,58.882476951801216
318.54,56.88756065819412
318.54,54.89439074754715
318.54,52.89031616210937
318.54,50.886637103594836
318.54,48.895546875
317.81848291635515,47.459999999999994
315.81803373247385,47.46
313.8174144554138,47.46
311.820625,47.46
310.34,46.82528953552246
311.347578125,45.7
313.35031131237747,45.70000000000001
315.3485868917033,45.7
317.3503419143334,45.7
319.3468383760378,45.7
321.34808639913797,45.7
323.35115096058695,45.7
325.34871091127394,45.7
327.3475,45.70234375
327.365,47.455625
325.3623943778872,47.459999999999994
323.37032890081406,47.46000000000001
321.36316370010377,47.459999999999994
320.3,48.533444981090724
320.3,50.52764058019966
320.3,52.53166023754981
320.3,54.52915967826266
320.3,56.534882416692554
320.3,58.536000394928266
320.29999999999995,60.5333979806304
320.30000000000007,62.54185884915758
320.3,64.53961895775515
320.3,66.53732824126723
320.3,68.52634583305567
320.3,70.53340710610152
320.3,72.53532057017088
320.2712890625,74.5259375
#
338.453486328125,74.70663085937498
336.6082421875,74.11999999999999
334.7847919654846,73.30739598274232
333.22498430252074,72.11214545249939
332.21308119773863,70.41060104370116
331.72,68.52737976074218
331.43,66.59002782776953
331.43000000000006,64.59680867269635
331.43,62.5970032298565
331.43,60.596160162705935
331.43,58.59565510926769
331.43,56.58595817565919
331.43000000000006,54.59964852705598
331.43,52.59301644191146
331.43,50.59777038574219
331.43,48.59358033016324
331.43,46.60247481703758
332.6754039669037,45.7
333.19,47.345062255859375
333.19000000000005,49.33930430561304
333.18999999999994,51.33261863142252
333.19,53.34306759387255
333.19,55.33518983202521
333.19,57.3442125468282
333.18999999999994,59.33009481430054
333.19,61.34021981700789
333.19,63.34180133789778
333.19,65.33909446001053
333.47999999999996,67.2766796875
333.9340441894531,69.16715209960937
334.7223455810547,70.97111938476563
336.3810784912109,72.05541564941406
338.2506066894531,72.55169311523437
340.1655517578125,72.94999999999999
342.0180554199219,72.36
343.88900642395015,71.84357795715331
345.36749215126036,70.56785454750062
346.08,68.73624206542969
346.49466911315915,66.83636283874512
346.6600000000001,64.87426417414099
346.66,62.87042362673674
346.66,60.87116987351328
346.66,58.8665566444397
346.66,56.880261610262096
346.66,54.872369043529034
346.6600000000001,52.868964750901796
346.65999999999997,50.87120949465316
346.66,48.87202251609415
346.66,46.880859375
347.62702461242674,45.7
348.42,47.06185479493812
348.42,49.067360739540305
348.42,51.062760882454455
348.42,53.05919947003945
348.4200000000001,55.06721281632781
348.4200000000001,57.06539759039878
348.41999999999996,59.06165472302353
348.42,61.05767643119907
348.41999999999996,63.0591345979832
348.41999999999996,65.0681542810984
348.4200000000001,67.05677216121927
348.42,69.06629630923271
348.42,71.06746961316094
348.42,73.05883921621367
347.9262015533447,74.71
346.66,73.867275390625
346.50845756530765,72.22328430175781
344.9149467372894,73.38566481590271
343.09555175781253,74.1467626953125
341.2324704742432,74.70999999999998
339.2298230075836,74.71
#
360.7274755859375,74.7074755859375
359.5122857666016,73.15457153320311
358.7472607421875,71.3268408203125
358.1167626953125,69.48444824218751
357.5,67.633125
357.05999999999995,65.73469665527344
356.61615722656245,63.842314453125
356.1079779052734,61.95142395019531
355.6064453125,60.072460937500004
355.15999999999997,58.182045898437494
354.72,56.2767626953125
354.2325390625,54.3982421875
353.732470703125,52.5072607421875
353.26,50.63468749999999
352.82,48.724921875
352.52000000000004,46.81021428108215
353.5543351840973,45.7
354.65898925781255,47.0520458984375
355.16,48.9424609375
355.53898925781255,50.85797851562499
356.04,52.733369140625
356.48,54.62595581054688
356.91355468750004,56.5275390625
357.36,58.4179541015625
357.8,60.3046875
358.24,62.2017578125
358.68,64.1146875
359.12,66.00400733947754
359.517529296875,67.9027392578125
360.0247900390625,69.7972607421875
360.52218750000003,71.66437499999999
361.4233203125,71.853359375
361.921875,69.97468749999999
362.48,68.11500000000001
362.92,66.20545768737793
363.29,64.30499999999999
363.79398437500004,62.412890625
364.1634460449219,60.50857604980469
364.66708007812497,58.617685546875
365.12,56.73169311523438
365.53656250000006,54.8353125
366,52.935078125
366.44,51.047260742187504
366.88,49.1527392578125
367.32,47.2617578125
368.2755877685547,45.7
369.52000000000004,46.603979873657224
369.266875,48.539375
368.78,50.435312499999995
368.3399999999999,52.322045898437494
367.893984375,54.21246093750001
367.39000000000004,56.105000000000004
366.8938427734375,57.982314453125
366.43999999999994,59.8879541015625
366,61.77312500000001
365.5125390625,63.664921875
365.0174609375,65.535078125
364.54,67.426875
363.94999999999993,69.285
363.36,71.1446875
362.6196883392334,72.9706233215332
361.4475,74.57249999999999
#
381.8174755859375,74.7074755859375
380.6022857666016,73.15457153320311
379.8372607421875,71.3268408203125
379.207685546875,69.48444824218751
378.6,67.633125
378.16,65.7217578125
377.7061572265625,63.842314453125
377.19797790527343,61.95142395019531
376.69644531250003,60.072460937500004
376.25,58.182045898437494
375.80999999999995,56.2767626953125
375.33253906249996,54.3982421875
374.8247900390625,52.5072607421875
374.35,50.63468749999999
373.91,48.724921875
373.62,46.81021428108215
374.65760314941406,45.7
375.75945678710934,47.065303344726566
376.25,48.9424609375
376.633056640625,50.85797851562499
377.13000000000005,52.742890624999994
377.57,54.64000000000001
378.00398437499996,56.5275390625
378.45000000000005,58.4179541015625
378.89,60.3232373046875
379.33,62.214696655273436
379.77,64.1146875
380.21,66.00400733947754
380.62107849121094,67.91408508300782
381.122470703125,69.7972607421875
381.62577520370485,71.67485300064087
382.5133203125,71.853359375
383.01343749999995,69.97468749999999
383.5799999999999,68.10142395019531
384.02,66.20545768737793
384.3920220947266,64.29142395019531
384.89355468749994,62.412890625
385.265,60.495000000000005
385.7661572265625,58.617685546875
386.21,56.717978515625
386.6328332519531,54.82555969238281
387.09,52.935078125
387.53,51.047260742187504
387.97,49.140756225585946
388.40999999999997,47.2372607421875
389.3696875,45.7
391.0570289611817,46.303589324951176
391.56,48.19500000000001
392.057080078125,50.072314453125
392.426943359375,51.9779541015625
392.928125,53.863125
393.38999999999993,55.7521875
393.808125,57.6646875
394.27,59.539580078125
394.6752099609375,61.452739257812496
395.15,63.3472607421875
395.59,65.2382421875
395.9147900390625,67.1572607421875
396.47,69.0220458984375
396.916015625,70.9124609375
397.67871154785155,72.58257690429687
398.37,70.74142395019533
398.813369140625,68.84337402343749
399.4,66.98530334472657
399.69000000000005,65.0524609375
400.1910107421875,63.1620458984375
400.691078491211,61.28591491699218
401.0574609375,59.3782421875
401.5652099609375,57.4872607421875
401.9309881591797,55.58075622558594
402.425703125,53.704921875
402.91,51.813125
403.29945678710936,49.90830688476562
403.7900000000001,48.022314453125
404.3068207550049,46.146358489990234
406.0081640625,45.8587890625
406.14,47.79862976074219
405.6110107421875,49.682045898437494
405.1116845703125,51.556743164062496
404.67,53.45142395019531
404.23,55.357539062499995
403.73945678710936,57.23469665527343
403.242470703125,59.11273925781251
402.77,61.0072607421875
402.33,62.8982421875
401.8665625,64.79531250000001
401.3610107421875,66.677978515625
400.8567431640625,68.5566259765625
400.233125,70.4021875
399.5958245849609,72.25835083007811
398.6403271484375,73.9996728515625
397.0520721435547,74.41207214355468
395.94792968749994,72.78585937499999
395.3,70.9267626953125
394.68323730468745,69.0855517578125
394.04797790527346,67.22142395019532
393.5464453125,65.342890625
393.1000000000001,63.452045898437504
392.65999999999997,61.547685546875
392.17253906250005,59.675078125
391.6647900390625,57.77958007812501
391.2,55.890419921875
390.76,54.0017578125
390.29656249999994,52.104687500000004
389.6825390625,51.361757812499995
389.1874609375,53.2282421875
388.71,55.12531249999999
388.27,57.012045898437506
387.8161572265625,58.9167626953125
387.31499999999994,60.79
386.8138427734375,62.672314453125
386.36,64.572021484375
385.92,66.4546875
385.34,68.3272607421875
384.75,70.1920458984375
384.16,72.0575390625
383.28011718749997,73.83988281250001
#
409.6413085937499,74.70992187499999
409.60468749999995,72.99531250000001
410.5186959278584,71.2126081442833
411.6320611572266,69.57587768554687
412.62890953063965,67.8725136566162
413.5275939428807,66.08125833153724
414.52662536621096,64.37674926757812
415.53175292968746,62.656494140625
416.4459149169922,60.882156982421876
416.43531249999995,59.2253125
415.5198828125,57.439765625
414.52662536621096,55.74325073242188
413.5192962646484,54.022202758789064
412.62240891456605,52.23452933311462
411.62302345275884,50.526046905517575
410.5125962734222,48.895192546844484
409.65,47.093233032226564
410.39900642395014,45.7
411.7931017589569,46.766203517913816
412.75382835388183,48.51382835388184
413.80018119812013,50.183201246261596
414.7995750208199,51.89794380798936
415.6939912092685,53.684428635835644
416.58933405354617,55.472764343172315
417.48634864807127,57.26443916320801
418.38833256363864,58.11396041750909
419.2828100673854,56.327353119999174
420.1777076376974,54.539906791895625
421.0667242760956,52.76420689210295
421.9724609375,50.96710937499999
422.9685944366455,49.250976972579956
424.0704506492615,47.62520803451538
425.0214239501953,45.864044189453125
426.64,46.16268348693848
426.19099357604983,48.06801284790039
425.2071520996094,49.777379760742186
424.1966253662109,51.486749267578126
423.1911477255821,53.19125833153724
422.29857681274416,54.982513656616206
421.2930234527588,56.70395309448242
420.2985424041749,58.40291519165039
419.3467626953125,60.11352539062501
420.35,61.82
421.35361369132994,63.537227382659914
422.35499959945673,65.25071837425232
423.248046875,67.0429296875
424.2504638671875,68.740927734375
425.286484375,70.4233203125
426.25040694117547,72.17081388235093
426.93999999999994,73.9609935760498
425.54841964721675,74.71
424.45361310601237,73.26216761946678
423.46066177368164,71.52636283874511
422.4541015625,69.838203125
421.446166447401,68.1123328948021
420.55212144359945,66.32424288719893
419.65581288337705,64.53162576675415
418.7621424138546,62.74428482770921
417.8698416031897,62.08031679362058
416.9757859827578,63.868428034484396
416.08332249494265,65.65335501011461
415.18556248664856,67.44887502670288
414.2727392578125,69.2072607421875
413.29236022949215,70.94527954101562
412.1810485839844,72.58063537597656
411.28748056411746,74.37389174461364
#
434.54348632812497,74.70663085937498
432.6916931152344,74.12
431.63,72.78777483940125
432.6359558105469,72.07
434.496474609375,72.63231445312499
436.4288127231598,72.95
438.4174813079834,72.95
440.35997558593755,72.66
442.2374156188964,72.18129219055176
444.03277015686035,71.37897171020508
445.1000000000001,69.717109375
445.6080236816406,67.83848754882813
445.97999999999996,65.92744892328977
445.98,63.92971866577864
445.98,61.92600186854601
445.4783062744141,61.14169372558594
443.79316957473753,62.17899995803833
441.97062500000004,62.9446875
440.0451376473904,63.28
438.0503955078125,63.28
436.1688819122314,62.77317924499512
434.3494025099277,62.00676381349564
432.7265847873687,60.86658478736878
431.6477001953125,59.225400390625005
431.0400000000001,57.366474609375
430.75,55.42852610722184
430.75,53.422009203583
430.75,51.42514023184776
430.75,49.4273521467112
430.75,47.42521858215332
431.1479736328125,45.7
432.5,46.51419620990753
432.5,48.505185993313795
432.5,50.513398572802544
432.5,52.50232418060302
432.5,54.51200533390045
432.8792437744141,56.41122009277344
433.3816925048829,58.30335632324218
434.459375,59.96781250000001
436.2599755859375,60.762021484375
438.13741561889645,61.23
440.0081701660156,61.28591491699218
441.93352539062494,60.912314453125
443.7471875,60.150625000000005
444.9476118278503,58.60740372657776
445.4478430175781,56.72624206542969
445.98,54.85554931640625
445.98,52.85878211438656
445.98,50.85898494720459
445.98,48.84805589854717
445.98,46.85422435581684
446.970048828125,45.7
447.74,47.075114570856094
447.74,49.08319132730365
447.74000000000007,51.08299677014351
447.74,53.08383983729408
447.74,55.08434489073232
447.74,57.078166557531816
447.74,59.08035147294403
447.74,61.08698355808855
447.74,63.08222961425781
447.74,65.08641966983676
447.74,67.07752518296243
447.37429733276366,68.99635848999023
446.74091484069817,70.83817031860352
445.6029753875732,72.44702461242676
443.9437106585503,73.52814467072487
442.115908203125,74.29204589843751
440.2266351318359,74.71000000000001
438.2222481763363,74.70999999999998
436.2169847071171,74.71
#
452.12130859375,74.70992187499999
451.84,72.88878193855285
452.63258352443574,71.07096669003367
453.52350108265875,69.28478563427925
454.63857604980467,67.64737976074218
455.635415649414,65.94892150878907
456.70204589843746,64.2779541015625
457.75444824218755,62.591103515624994
458.7508821105957,60.88528953552246
459.75,59.18000000000001
460.8282421875,57.5117578125
461.863140335083,55.834789505004885
462.8653033447266,54.11939331054687
463.9746691131591,52.48066177368164
465.08362228393554,50.85487617492676
466.196630859375,49.2232568359375
467.2616931152344,47.56469665527344
465.50804621547456,47.459999999999994
463.52257877111435,47.46
461.5081961157918,47.46
459.50623651117087,47.46
457.50884933967143,47.46
455.52557765722275,47.46
453.5164822785929,47.46
452.13,46.73433518409729
453.22889740481975,45.7
455.2361478424072,45.70000000000001
457.2417096240632,45.7
459.2387398448401,45.7
461.2391729736328,45.7
463.24267037903894,45.7
465.24102640852334,45.7
467.2352972559817,45.7
468.83,46.25821852684021
468.50128845214846,48.126766967773435
467.49250784873965,49.84214545249939
466.48999999999995,51.565
465.49088211059563,53.26528953552246
464.493525390625,54.972026367187496
463.4420458984375,56.662021484374996
462.377109375,58.325351562499996
461.37122009277346,60.03029235839844
460.3780554199218,61.742576904296875
459.3240441894531,63.411423950195314
458.26464843750006,65.0902734375
457.2567156982422,66.80656860351563
456.26678588867185,68.51444030761719
455.2572298431397,70.22379844665527
454.2539546775818,71.92903597831726
454.59968151688577,72.95
456.5935888671875,72.94999999999999
458.60657221540816,72.94999999999999
460.59843854919075,72.95
462.6055507564545,72.95
464.5933133618534,72.95
466.60515846252446,72.95
468.59390625000003,72.97109375
468.5281061553955,74.71
466.52781188964843,74.71
464.52566238954665,74.71
462.52270252346995,74.71
460.52728903770446,74.71000000000001
458.52152321219444,74.71
456.5275788509846,74.71
454.53372915269813,74.71000000000001
452.5356427001953,74.71
#
