-604.4434863281251,72.656630859375
-601.6790064239502,71.70642204284668
-600.0332373046874,69.37647460937501
-599.47,66.50789096832276
-599.766630859375,63.5766259765625
-600.7537579345703,60.82624206542968
-603.3523455810547,59.47
-606.2722926318645,59.17999999999999
-609.1333740234375,59.766630859375
-611.4436371612549,61.44297538757324
-612.36,64.22109619140625
-612.36,67.23418956756592
-611.6187799072266,70.04970764160157
-609.5074230957031,72.03128845214843
-606.6557301604747,72.66
-608.104521484375,74.41
-610.864699600935,73.40570275187494
-613.0953141021729,71.48937179565431
-614.12,68.73624206542969
-614.4099999999999,65.79634063720704
-614.0640850830079,62.87624206542969
-612.9878125,60.135625000000005
-610.6463010299206,58.320738389492035
-607.8778125,57.37468750000001
-604.933829908371,57.129999999999995
-602.1036373829842,57.85944781541824
-599.558306274414,59.39169372558594
-599.140625,57.315
-597.42,58.48280059218407
-597.42,61.489528319686656
-597.42,64.47768825277686
-597.42,67.4872656739573
-597.42,70.49081784540788
-597.42,73.48447822904214
-599.17890625,74.44624999999999
-599.6199999999999,72.51
-602.184052734375,74.0120263671875
-605.0288737142085,74.71
#
-583.3533740234375,72.656630859375
-580.5890064239501,71.70642204284668
-578.9332373046875,69.37647460937501
-578.38,66.50789096832276
-578.6667431640624,63.5766259765625
-579.6637579345703,60.82624206542968
-582.2611193847656,59.47
-585.1989761447907,59.18
-588.0532568359373,59.769999999999996
-590.3560847663879,61.45658478736877
-591.27,64.23352020263673
-591.27,67.23418956756592
-590.5215124511719,70.04970764160157
-588.4167669677735,72.03128845214843
-585.5506372833252,72.66
-593.32,74.0909423828125
-593.32,71.0814516796288
-593.32,68.08725922638783
-593.32,65.08783360468456
-593.32,62.093552937556524
-593.32,59.08240388473496
-593.32,56.07628629114711
-593.32,53.077471366722605
-593.32,50.08557791184401
-593.32,47.07901406288147
-591.644375,45.885625
-591.56,48.85315290093422
-591.56,51.8397196829319
-591.56,54.857032111380256
-591.56,57.85534049987793
-590.8023602294921,59.01236022949219
-588.1172607421875,57.71000000000001
-585.2652281856537,57.13
-582.324521484375,57.42
-579.6021478271484,58.567559814453126
-577.5115625,60.616875
-576.62,63.41151245117187
-576.33,66.34923892974854
-576.811819229126,69.23363845825196
-577.9526834869384,71.94268348693848
-580.3541650390624,73.6441162109375
-583.146996459961,74.60169311523437
-586.1154897212982,74.71
-588.906448726654,73.83677563667297
-591.3985944366455,72.23140556335449
-591.8401562500001,74.70875
#
-565.2065136718751,74.70663085937498
-567.9647919654846,73.76260401725769
-570.4278545475006,72.11214545249939
-571.64,69.4553515625
-572.23,66.58554523468018
-571.9717137145996,63.6520369720459
-571.1485424041748,60.8370848083496
-569.171654894352,58.67903964757919
-566.4606249999999,57.4653125
-563.5466172397137,57.13
-560.6563584899902,57.63682075500488
-559.34013671875,59.778691406250005
-561.9611763763427,59.33179466247559
-564.9296044921875,59.18000000000001
-567.7258837890626,60.005908203125
-569.59,62.2017578125
-570.18,65.06648746490478
-570.002021484375,68.024091796875
-569.0544482421875,70.7920263671875
-566.553515625,72.2682421875
-563.6320676326752,72.66
-560.745908203125,72.1879541015625
-559.34,73.37137230873108
-561.8930035400391,74.51830688476562
-564.8407244873047,74.71
#
-545.2634863281249,72.656630859375
-542.4990064239502,71.70642204284668
-540.8532373046876,69.37647460937501
-540.29,66.50789096832276
-540.586630859375,63.5766259765625
-541.5737579345703,60.82624206542968
-544.1723455810547,59.47
-547.0922926318647,59.17999999999999
-549.9534863281251,59.766630859375
-552.2636371612549,61.44297538757324
-553.18,64.22109619140625
-553.18,67.21982147216798
-552.4387799072266,70.04970764160157
-550.3274230957031,72.03128845214843
-547.4757301604748,72.66
-548.9268408203125,74.41
-551.684699600935,73.40570275187494
-553.9153141021728,71.48937179565431
-554.94,68.73624206542969
-555.23,65.79634063720704
-554.8840850830079,62.87624206542969
-553.8078125,60.135625000000005
-551.4800601959229,58.32764724731446
-548.6978124999999,57.37468750000001
-545.753829908371,57.129999999999995
-542.9330700683594,57.854691162109376
-540.3783062744141,59.39169372558594
-540,57.30819995522499
-540,54.30795386450365
-540,51.30414479522035
-540,48.304788403958085
-539.4618730926514,45.7
-538.24,47.629484963919964
-538.24,50.62778708890081
-538.24,53.63203832641011
-538.24,56.61923614470288
-538.24,59.622518253177404
-538.24,62.628954120564735
-538.24,65.63485852838727
-538.24,68.62656892092897
-538.24,71.63420203253625
-538.3243749999999,74.58999999999999
-540,73.2948258972168
-541.3535339164735,73.1867669582367
-544.0619445800781,74.39097229003906
-546.9913407003879,74.71
#
-519.2000000000002,65.03011718750001
-519.79,62.1772607421875
-521.6675850200653,59.999231357574466
-524.4716514873504,59.18
-527.4326202392579,59.338576049804686
-530.2220263671875,60.296474609375004
-531.6984336853027,62.79025291442871
-531.4330617749691,65.04
-528.430722322464,65.04
-525.4373317613267,65.04
-522.4194408060611,65.04
-519.4237300872803,65.04
-529.6793218421935,73.86033907890321
-532.1864108848572,72.26940615653992
-533.55,69.66997558593751
-534.14,66.82790618896485
-533.9882053375244,63.851176376342764
-533.165872850418,61.04291519165039
-531.284052734375,58.781103515625006
-528.5749999999999,57.565000000000005
-525.6793331432342,57.13
-522.7700244140625,57.5379541015625
-520.0584277534484,58.75463899612427
-518.1493817138671,60.98123657226562
-517.3353033447266,63.78300354003906
-517.7844482421875,66.52768554687499
-520.7185509490967,66.79999999999998
-523.7227469535172,66.8
-526.7267291510105,66.8
-529.7228526102007,66.8
-532.09,67.42073059082031
-531.2506617736816,70.23297538757325
-529.0420458984374,72.07
-526.2164106750488,72.81179466247558
-523.2525186920166,72.95
-520.3953515625,72.372890625
-518.03,72.38174919128417
-519.6411180877685,74.3368207550049
-522.5437778151036,74.71
-525.5580953216553,74.71
#
-509.82929687499995,74.70992187499999
-510.11999999999995,71.8928125
-510.12,68.88839076505974
-510.12,65.88326740145682
-510.12,62.894919810537246
-510.12,59.888778032120314
-511.39116967082026,58.010000000000005
-514.3600390624999,57.9396875
-513.0974813079835,56.25
-510.155,56.084999999999994
-510.12,53.10052206993103
-509.46094787597656,50.25189575195312
-507.8121454524994,47.79214545249939
-505.21785598754883,46.328927993774414
-502.3657301604748,45.7
-499.4331591796875,46
-497.23,47.40709350585938
-498.955078125,48.06246093749999
-501.88134070038797,47.75
-504.749375,48.2946875
-507.1030035400391,49.93239685058593
-508.057109375,52.705078125
-508.36,55.6396875
-505.86233245730403,56.25
-503.09000000000003,56.63180793762207
-504.83823660492897,58.01
-507.8437915515899,58.010000000000005
-508.35999999999996,60.6425323151052
-508.36,63.642019903939214
-508.36,66.63813174128532
-508.36,69.64185718884691
-508.36,72.624395083189
-509.42389137268066,74.71
#
-483.4533740234375,72.656630859375
-480.6828440856933,71.70642204284668
-479.03323730468753,69.37647460937501
-478.48,66.50789096832276
-478.7667431640625,63.5766259765625
-479.7618298339844,60.82624206542968
-482.36111938476563,59.47
-485.28229263186455,59.17999999999999
-488.15289062499994,59.77
-490.4493382263184,61.44297538757324
-491.37,64.22109619140625
-491.37,67.23418956756592
-490.62151245117184,70.04970764160157
-488.51676696777344,72.03128845214843
-485.6657301604747,72.66
-490.334521484375,86.43
-492.54,85.01929626464843
-490.8344482421875,84.35231445312499
-487.9728192138672,84.96
-484.98160644531254,84.96
-482.12877990722654,84.29802368164061
-479.6112884521484,82.83323303222656
-478.66530334472657,80.06060668945312
-478.18,77.18355583071708
-478.18,74.18197123527526
-478.8101811981201,72.70018119812012
-481.4224609375001,74.12
-484.29178305625913,74.71
-487.2099755859375,74.41
-489.9615815544128,73.35920922279358
-492.1453005218506,71.38939895629882
-493.13,68.62357795715332
-493.41999999999996,65.69368350982666
-493.0216931152343,62.77699645996094
-491.93686035156253,60.0468603515625
-489.5551741027832,58.27235275268555
-486.786484375,57.328242187499995
-483.8310865247249,57.13
-481.01135453343386,57.910170915126805
-478.4779278564453,59.47207214355469
-478.0809375,57.229023437500004
-476.43000000000006,58.60160830324516
-476.42999999999995,61.60881665587426
-476.42999999999995,64.60431032375665
-476.43,67.59371384432772
-476.43,70.5998182032071
-476.43,73.60462463378906
-476.42999999999995,76.59345191955566
-476.43,79.59071082115173
-477.2053005218506,82.42060104370117
-478.92578612327577,84.82578612327575
-481.59530334472663,86.13
-484.44810389637945,86.72
-487.45902844429014,86.72
#
-472.03929687499993,74.70992187499999
-472.32,71.88880202174187
-472.32,68.88171049021884
-472.32000000000005,65.88606322884559
-472.32000000000005,62.8955211742036
-472.32,59.892900742643974
-472.32,56.88250009892741
-472.32,53.8948986835801
-472.31999999999994,50.8838531114161
-472.31999999999994,47.88606132520363
-471.3629753875732,45.7
-470.57,48.061508130282164
-470.57,51.04924961924553
-470.57,54.04990775510669
-470.57,57.04949111104012
-470.3658984375,59.5658984375
-467.8615411663055,57.97188024520874
-465.0600878143311,57.13
-462.0971520996094,57.261423950195315
-459.3176293349266,58.21042623281479
-456.92521049499516,59.934789505004886
-455.7953308868408,62.65363716125488
-455.33,65.54236060738563
-455.3299999999999,68.53665409222245
-455.33,71.5411738663353
-455.36749999999995,74.53999999999999
-457.09000000000003,73.38605889856815
-457.09,70.37450164735317
-457.0899999999999,67.39039254665374
-457.38,64.455
-458.1992313575745,61.64758502006531
-460.379580078125,59.77
-463.23909661173826,59.18
-466.16999999999996,59.47
-468.8371520996094,60.67262023925781
-469.98,63.36060668945312
-470.57,66.21716105401516
-470.57,69.20707503974437
-470.56999999999994,72.21198528289794
-471.2047104644775,74.71
#
-450.94869140624996,74.70992187499999
-451.23,71.88477113058791
-451.23,68.8938338829577
-451.23,65.89011233633384
-451.23,62.88926345467567
-451.23,59.890491870492696
-450.8453747558594,57.129999999999995
-448.89,58.321460488196465
-448.89,61.317849197834725
-448.89,64.3304833984375
-448.89,67.32773795196786
-448.89,70.31885086843744
-448.89,73.32135346129536
-450.6334313964844,74.71
-451.23,51.972500000000004
-448.89874999999995,51.525000000000006
-449.069375,54.450625
#
-450.066513671875,86.71674316406249
-452.8046966552734,85.73530334472657
-451.99204589843754,84.08
-449.16641067504884,84.82179466247558
-446.2025186920166,84.96
-443.32662597656247,84.3832568359375
-440.589375,83.40781249999999
-439.21999999999997,80.8055517578125
-438.63,77.94499428391457
-438.63,74.9488194920146
-438.63,71.9538096098788
-438.63000000000005,68.944583262729
-438.63,65.95073100425536
-438.63,62.95627396943048
-438.63,59.95771099448204
-438.3110784912109,57.13
-436.87999999999994,58.84696635767818
-436.87999999999994,61.84646171318367
-436.88,64.85106492263498
-436.88,67.85403774308274
-436.88,70.85632044753059
-436.88,73.83881966590882
-436.88,76.8468688405864
-436.9472607421875,79.824521484375
-437.76778129577633,82.64556259155273
-439.568090209961,84.98892150878905
-442.284521484375,86.199580078125
-445.15454426765444,86.71999999999998
-448.1478134071827,86.72
-438.63,53.5876953125
-437.80977233886716,51.27
-436.88,53.50637107849121
#
-432.489296875,74.70992187499999
-432.77,71.88880202174187
-432.7699999999999,68.88171049021884
-432.77000000000004,65.88606322884559
-432.77000000000004,62.8955211742036
-432.77,59.892900742643974
-432.77,56.88250009892741
-432.77000000000004,53.8948986835801
-432.77,50.8838531114161
-432.77,47.88606132520363
-431.81297538757326,45.7
-431.02,48.0449665248394
-431.02,51.05374123546062
-431.02,54.052181775390636
-431.02,57.05198726058006
-431.02,60.05420570196584
-431.02,63.048107997048646
-429.88718549922106,63.31718549922109
-427.878387298584,61.1108821105957
-425.8068847076595,58.956884707659476
-423.5576031494141,57.13
-422.972018648386,59.042018648386005
-425.1035200846195,61.17352008461952
-427.05233159065244,63.42233159065247
-429.1669536685944,65.53695366859435
-427.8117431640625,67.6582568359375
-425.86281921386717,69.89718078613281
-423.73598313376306,72.02401686623692
-422.54109374999996,74.51125
-425.03842712521555,73.6541481232643
-427.15737738251687,71.54035346269606
-429.1013916015625,69.29860839843748
-431.02,67.6820703125
-431.02,70.6685866947472
-431.02,73.6709538950026
#
-418.13868164062495,74.70992187499999
-418.42,71.88880202174187
-418.41999999999996,68.88171049021884
-418.41999999999996,65.88606322884559
-418.42,62.87504586184164
-418.42,59.892900742643974
-418.42,56.88250009892741
-418.4200000000001,53.87604090804234
-418.42,50.8838531114161
-418.42,47.88606132520363
-417.45727432250976,45.7
-416.66,48.04317713737488
-416.65999999999997,51.04640188300982
-416.66,54.046204761958215
-416.65999999999997,57.04505098723108
-416.6600000000001,60.048941999568775
-416.66,63.0591345979832
-416.66,66.03972282409669
-416.6600000000001,69.04960547581547
-416.65999999999997,72.04879536217777
-417.13437500000003,74.71
#
-412.27869140625,74.70992187499999
-412.56,71.89733963966368
-412.56,68.8949898815155
-412.56,65.89655847668648
-412.55999999999995,62.883989791870114
-412.56,59.88717472910881
-412.3152795410156,57.13
-410.80000000000007,58.6043727874756
-409.377275390625,58.616318359375
-406.67464843749997,57.42
-403.7412043273449,57.13
-400.8653515625,57.6975390625
-398.1621875,58.927812499999995
-396.51826744079585,61.382680435180674
-394.9398188018799,59.13981880187988
-392.3275390624999,57.71
-389.45821694374087,57.13
-386.5263628387451,57.42000000000001
-383.7884184455872,58.477293262481695
-381.6046994781494,60.45060104370117
-380.63000000000005,63.225908203125
-380.33000000000004,66.1606357692182
-380.33,69.14988208221271
-380.33,72.16059400126338
-380.913224363327,74.71
-382.09,72.7656804996729
-382.09,69.77690033234656
-382.09,66.76875299274921
-382.52297103881835,63.878823623657226
-383.46935348510743,61.102683486938474
-385.954091796875,59.592021484375
-388.85933314323427,59.18
-391.755,59.62
-394.2027701568604,61.143798446655275
-395.15204589843756,63.920024414062496
-395.57,66.82937732696533
-395.56999999999994,69.81679795742035
-395.57,72.82838470458984
-396.82620155334473,74.71
-397.32,72.09523880660534
-397.32,69.10185458123684
-397.32,66.1041556930542
-397.91,63.23933822631836
-399.1400244140625,60.5899755859375
-401.826484375,59.47
-404.7601769924164,59.18
-407.6189279937744,59.78929763793946
-409.7428293418884,61.75260401725768
-410.51,64.5633203125
-410.8,67.50488623559475
-410.8,70.50656707763672
-410.8,73.50617900848388
#
-375.94869140624996,74.70992187499999
-376.23,71.88477113058791
-376.23,68.8938338829577
-376.23,65.89011233633384
-376.23,62.88926345467567
-376.23,59.890491870492696
-375.84819206237796,57.13
-374.47,58.89494673728943
-372.7977827453613,58.49050582885742
-370.0528479003906,57.42
-367.1174773991108,57.13
-364.24676269531255,57.71
-361.6297523498535,59.138126907348635
-359.9423602294922,61.575279541015625
-359.24,64.41337219238281
-359.24,67.4031640625
-359.24,70.4030441477336
-359.24,73.40852414056658
-360.98875,74.51124999999999
-361,71.51206644237041
-361,68.51850062407553
-361,65.5196487045288
-361.73,62.69499999999999
-363.2645960330963,60.24361906051636
-366.04357795715333,59.29129219055176
-369.00775451660155,59.18
-371.8075870513916,60.046410675048826
-373.5899999999999,62.282045898437495
-374.3587078094482,65.10741561889648
-374.47,68.07894029080867
-374.4700000000001,71.08050206661224
-374.47,74.08683799266815
#
-345.17337402343753,72.656630859375
-342.40284408569335,71.70642204284668
-340.75323730468745,69.37647460937501
-340.2,66.50789096832276
-340.4867431640625,63.5766259765625
-341.4818298339844,60.82624206542968
-344.07234558105466,59.47
-347.0022926318646,59.17999999999999
-349.872890625,59.77
-352.1636371612549,61.44297538757324
-353.09,64.22109619140625
-353.09,67.23418956756592
-352.3387799072266,70.04970764160157
-350.2367669677734,72.03128845214843
-347.3857301604748,72.66
-348.8268408203125,74.41
-351.6019871520996,73.3990064239502
-353.82328430175784,71.47343139648439
-354.84,68.7131591796875
-355.14,65.79634063720704
-354.78408508300777,62.87624206542969
-353.70781250000005,60.135625000000005
-351.3711252808571,58.320738389492035
-348.599375,57.37468750000001
-345.6507551896572,57.13
-342.8227785396576,57.86426439285278
-340.27702461242677,59.392975387573244
-338.73,61.910625
-338.13999999999993,64.77313720703125
-338.1767858886719,67.75111938476563
-338.9988106536865,70.55762130737304
-340.7668603515625,72.9368603515625
-343.4911193847656,74.15555969238281
-346.35486055970193,74.71
#
-324.073486328125,72.656630859375
-321.30900642395017,71.70642204284668
-319.66231445312496,69.37647460937501
-319.1,66.50789096832276
-319.3867431640625,63.5766259765625
-320.38375793457027,60.82624206542968
-322.9823455810547,59.47
-325.90229263186455,59.17999999999999
-328.7633740234375,59.766630859375
-331.07363716125485,61.44297538757324
-331.99,64.23352020263673
-331.99,67.23418956756592
-331.24877990722655,70.04970764160157
-329.13676696777344,72.03128845214843
-326.2706372833252,72.66
-334.0400000000001,86.07367256982253
-334.0400000000001,83.07384416693822
-334.04,80.0815644666902
-334.04,77.07136315706418
-334.04,74.06404433540767
-334.0400000000001,71.07552993893624
-334.04,68.07809113395169
-334.04,65.07998300677166
-334.04,62.08095837950707
-334.04,59.073346017643345
-332.8513623046875,57.13
-332.2900000000001,59.72921134948731
-329.8819159603119,58.122706737518314
-327.1021875,57.175312500000004
-324.1129052734375,57.13
-321.34057907104494,58.05765670776368
-318.8773959827423,59.7026040172577
-317.64,62.346474609374994
-317.05000000000007,65.21611606597901
-317.2894858551025,68.15897171020508
-318.11091484069823,70.96182968139648
-320.07640340805057,73.14320170402527
-322.7962420654297,74.35408508300782
-325.69925709128376,74.71
-328.5833203125,74.2117578125
-331.3090234375,73.0002734375
-332.29,73.70329376094043
-332.29,76.71244947828352
-332.2900000000001,79.71248862922192
-332.29,82.71326815329493
-332.29,85.69814329624177
#
-303.27348632812493,72.656630859375
-300.50900642395015,71.70642204284668
-298.862314453125,69.37647460937501
-298.3,66.50789096832276
-298.58674316406245,63.5766259765625
-299.5837579345704,60.82624206542968
-302.1823455810547,59.47
-305.10229263186454,59.17999999999999
-307.96337402343755,59.766630859375
-310.2736371612549,61.44297538757324
-311.19,64.23352020263673
-311.19,67.23418956756592
-310.44877990722654,70.04970764160157
-308.3367669677734,72.03128845214843
-305.4706372833252,72.66
-298.01,86.07503173828125
-298.01,83.08134112648668
-298.01,80.0792402215954
-298.01,77.07227226607502
-298.01,74.08181674785911
-298.7119188690185,72.77191886901855
-301.36142395019533,74.12
-304.22319846510885,74.71
-307.144091796875,74.41
-309.89215336799623,73.30739598274232
-312.0204638671875,71.299072265625
-312.95,68.51363716125488
-313.24,65.59171875
-312.80499999999995,62.69499999999999
-311.68819206237794,59.96819206237794
-309.2839080250263,58.22413254022598
-306.505,57.275000000000006
-303.5503955078125,57.13
-300.7337461853028,57.960247650146485
-298.23206115722655,59.54793884277344
-297.82593749999995,57.158710937500004
-296.25,58.69777457609773
-296.25,61.70778917482123
-296.25,64.70459541714983
-296.25,67.70263850166695
-296.25,70.7057367375982
-296.25,73.70417262481526
-296.25,76.69657678170363
-296.25,79.70361576562748
-296.25,82.71024720191956
-295.28939331054687,84.38
-293.32000000000005,84.78055809020996
-295.28939331054687,86.43
#
-289.51929687500007,74.70992187499999
-289.8,71.88477113058791
-289.8,68.8938338829577
-289.8,65.89011233633384
-289.8,62.88926345467567
-289.8,59.890491870492696
-289.41819206237795,57.13
-288.05,58.90829073309898
-286.3743972015381,58.49050582885742
-283.6273797607422,57.42
-280.6874773991108,57.13
-277.836875,57.71
-275.20187309265134,59.138126907348635
-274.8562898254395,60.94
-277.45785454750063,59.934653301239024
-280.27233159065247,59.17999999999999
-283.2231591796875,59.4027392578125
-285.9966149902344,60.348336181640626
-287.42444030761715,62.91765441894531
-288.05,65.76794727325439
-288.04999999999995,68.76275866985321
-288.05,71.75927907288074
-288.24859374999994,74.67874999999998
#
-267.25651367187504,74.70663085937498
-270.002021484375,73.71204589843751
-269.177978515625,72.07
-266.3229296875,72.66
-263.3936371612549,72.36
-260.655,71.33500000000001
-259.1623602294922,69.30763977050782
-261.57708480834964,67.5814575958252
-264.3563628387451,66.6289680480957
-267.127978515625,65.63
-269.5220611572266,64.00840110778809
-270.17999999999995,61.17008926391601
-268.3901715087891,58.86017150878905
-265.7625962734222,57.71
-262.8901898479462,57.129999999999995
-259.9335893249512,57.268205337524414
-257.29,58.3631640625
-258.594521484375,59.700419921875
-261.46958793640135,59.18
-264.3911193847656,59.50678588867188
-267.058896484375,60.6944482421875
-268.06207031250005,62.7579296875
-265.5955986022949,64.40220069885254
-262.80468750000006,65.33
-260.0485009765625,66.2912109375
-257.79608260154725,68.11620071411133
-257.3303232574463,70.98064651489258
-259.3006320345402,73.20902536153794
-262.0297723388672,74.12
-264.8849334716797,74.71
#
-240.59651367187502,74.70663085937498
-243.35479196548462,73.76260401725769
-245.81785454750062,72.11214545249939
-247.03,69.4553515625
-247.62,66.58563710004093
-247.62,63.593082010746
-247.62,60.59460614174604
-248.18620849609377,58.01
-251.19904296875,58.010000000000005
-250.71767547607422,56.25
-247.743046875,56.169765625
-247.62,53.21202065050602
-247.62,50.209500239267946
-247.62,47.20140871584415
-246.03625,45.7990234375
-245.86,48.72161376953125
-245.86000000000004,51.72162109710276
-245.86,54.71869747698307
-244.2875262570381,56.25
-241.2824476623535,56.25
-240.83019575119022,58.010000000000005
-243.82823766708376,58.01
-245.86,59.116226005554196
-245.86,62.11192989349365
-245.86,65.12750436365604
-245.3989680480957,68.01066177368165
-244.4444482421875,70.7920263671875
-241.943515625,72.2682421875
-239.0392038166523,72.66
-236.14933822631835,72.19466911315918
-234.73000000000002,73.35974914550782
-237.28300354003903,74.51830688476562
-240.23072448730468,74.71
#
-223.896513671875,74.70663085937498
-226.65479196548463,73.76260401725769
-229.1178545475006,72.11214545249939
-230.33,69.4553515625
-230.92,66.58200027465821
-230.92,63.59549579769374
-230.92,60.582056644856934
-230.92,57.598081512451174
-229.16000000000003,58.1941556930542
-229.16,61.19185458123684
-229.15999999999997,64.19699458502234
-228.87,67.12871154785157
-228.1681701660156,69.9555877685547
-226.10268348693847,71.9879630279541
-223.2686223602295,72.66000000000001
-220.345078125,72.36
-217.595478515625,71.345478515625
-216.27,68.73624206542969
-215.68,65.87589482784271
-215.67999999999998,62.885253590941424
-215.68,59.87717875659466
-215.29819206237792,57.13
-213.93,58.91285857601092
-213.93,61.90614654550329
-213.93,64.92151755332947
-213.93,67.91408515715972
-213.93,70.91026161478833
-213.93,73.91984526634216
-215.68000000000004,74.00240310668944
-216.43763977050781,72.82763977050782
-219.1082421875,74.12
-221.96833978533743,74.71000000000001
#
-203.3825244140625,74.7074755859375
-204.909580078125,72.225478515625
-205.99464843750002,69.480703125
-206.9363628387451,66.71297538757324
-207.88375793457033,63.93441223144531
-208.95,61.184687499999995
-209.82,58.3923250579834
-208.066630859375,57.426625976562505
-207.19,60.2320458984375
-206.31,63.017152099609376
-205.43,65.8020458984375
-204.55,68.596875
-203.67,71.38974708557129
-202.7632373046875,72.306474609375
-201.91,69.51197631835939
-201.04000000000002,66.71802368164062
-200.16,63.9153125
-199.28,61.138242187500005
-198.4124609375,58.325351562499996
-196.34999999999997,57.42421691894531
-196.90050002098084,60.286584787368774
-197.84871154785156,63.06676696777343
-198.9240850830078,65.80624206542969
-199.87968383789064,68.58871154785156
-200.9642973327637,71.33364151000977
-202.1141015625,74.0341015625
#
-185.51252441406248,74.7074755859375
-187.039580078125,72.225478515625
-188.115078125,69.480703125
-189.0663628387451,66.71297538757324
-190.01375793457032,63.93441223144531
-191.06999999999996,61.184687499999995
-191.95,58.3923250579834
-190.196630859375,57.426625976562505
-189.32,60.2320458984375
-188.44,63.017152099609376
-187.56,65.8020458984375
-186.68000000000004,68.596875
-185.8,71.38974708557129
-184.89323730468752,72.306474609375
-184.04000000000002,69.51197631835939
-183.16,66.71802368164062
-182.29,63.9153125
-181.41000000000003,61.138242187500005
-180.5424609375,58.325351562499996
-178.385078125,57.2217578125
-177.35784301757815,59.946242065429686
-176.43,62.73805541992188
-175.5953125,65.5378125
-174.77469665527346,68.34060668945312
-173.8255596923828,71.11888061523437
-172.91,72.590419921875
-172.0567626953125,69.783525390625
-171.244921875,66.983515625
-170.28968383789064,64.19871154785156
-169.47197631835937,61.39122009277344
-168.65820533752444,58.581176376342775
-166.645625,57.214375
-166.88872079849241,60.029660921096806
-167.93,62.7917578125
-168.91469665527345,65.54300354003905
-169.98,68.30531250000001
-170.94544105529786,71.0708821105957
-172.023486328125,73.8168603515625
-174.31094787597655,73.89905212402344
-175.41404418945314,71.16284790039063
-176.43,68.405
-177.4359558105469,65.65262023925781
-178.48000000000002,62.8982421875
-179.36,61.184687499999995
-180.41624206542969,63.93441223144531
-181.36363716125487,66.71297538757324
-182.31492187499998,69.480703125
-183.390419921875,72.225478515625
-184.9266259765625,74.71
#
-162.369296875,74.70992187499999
-161.7084042303264,72.28840423032642
-159.58460632324218,70.1646063232422
-157.62609375,67.92292968749999
-155.75546875,65.7941015625
-157.87275390625,63.6695654296875
-159.8212819544971,61.428718045502904
-161.94336814284324,59.30663185715675
-161.9898046875,57.129999999999995
-159.64032714843748,58.6796728515625
-157.52470410346984,60.79529589653015
-155.564927084893,63.04507291510701
-153.45072873115538,63.74072873115539
-151.32748634338378,61.617486343383796
-149.368330398798,59.36833039879799
-147.24820363163948,57.248203631639484
-145.7027880859375,58.6327880859375
-147.8210377533734,60.75103775337338
-149.7784051513672,62.99840515136719
-151.89936462402343,65.11936462402343
-151.38925709128378,67.23074290871621
-149.4272119140625,69.47278808593751
-147.29789421081543,71.60210578918458
-145.66,73.90702461242675
-147.7527017521858,74.08729824781418
-149.8761438253522,71.9638561746478
-151.82284156799315,69.71715843200683
-153.93491508483885,67.60508491516113
-156.0646128177643,69.28461281776428
-158.01012002915144,71.53012002915145
-160.1341481232643,73.6541481232643
#
-137.7566259765625,86.71674316406249
-140.49469665527343,85.73530334472657
-139.70824218750002,84.08000000000001
-136.875,84.815
-133.91312562823296,84.96
-131.044921875,84.3924609375
-128.2979630279541,83.4179630279541
-126.91,80.8346484375
-126.33000000000001,77.97007662773132
-126.33000000000001,74.9742319662869
-126.39905212402346,72.13905212402344
-128.87317504644395,73.78158752322197
-131.65085563659667,74.71
-134.64375793457032,74.65215698242189
-137.41513893485072,73.70420742392541
-139.85187309265137,72.02812690734864
-141.02531249999998,69.339375
-141.56000000000003,66.48296765953303
-141.56,63.477261781990535
-141.56,60.47055939406157
-141.56,57.465743465423586
-139.8,58.323820991516115
-139.80000000000004,61.32343292236328
-139.8,64.31355891026557
-139.50999999999996,67.25122009277344
-138.7561716461182,70.07471046447755
-136.64290428161624,72.03827903747558
-133.7906372833252,72.66
-130.85877990722656,72.36000000000001
-128.15357795715332,71.25741561889649
-126.91,68.62357795715332
-126.33,65.7569454908371
-126.33,62.75439370632172
-126.33000000000001,59.75832561969757
-125.81248413085937,57.13
-124.57,59.02160347938538
-124.57,62.03435839533806
-124.57,65.02178361967206
-124.56999999999998,68.0332167816162
-124.57,71.0320174063486
-124.57,74.02713855833048
-124.57,77.02583791730925
-124.72179466247559,79.99358932495116
-125.5485424041748,82.80708480834961
-127.425947265625,85.0679736328125
-130.13500000000002,86.28
-133.0263916015625,86.72
-136.0368821322918,86.72
#
-120.479296875,74.70992187499999
-120.01015366077424,72.19880501627922
-117.89042394049466,70.07526283247395
-115.77407611370086,67.95510862469673
-113.51897614479066,65.99897614479065
-111.32997558593749,63.987954101562494
-109.1611436867714,61.935153449773786
-106.919056930542,59.9815803527832
-107.27825743675231,58.89
-110.2751517930813,58.89
-113.27375387147067,58.89000000000001
-116.2718979795277,58.89
-119.27112901329994,58.89
-120.69847656249999,57.28875
-117.76022225379944,57.13
-114.7536150497012,57.129999999999995
-111.76048326710239,57.129999999999995
-108.7624473826587,57.13
-105.75435054421425,57.129999999999995
-103.77,58.292094726562496
-105.47144925117493,60.58839458465576
-107.59289963051675,62.7060362559557
-109.80817016601563,64.69215698242188
-111.95498270988465,66.78498270988464
-114.20309505224228,68.73309505224228
-116.3154035949707,70.8454035949707
-118.56467195510864,72.8036765575409
-115.9199638544023,72.95
-112.91993208885192,72.95
-109.91322696724907,72.95
-106.9194452701509,72.95
-103.95499999999998,73.034375
-105.16218746766448,74.71
-108.15860540166497,74.71
-111.1622232197225,74.71000000000001
-114.14893855558708,74.71
-117.14919163703918,74.71
-120.15684172272682,74.71
#
-87.9532568359375,59.463486328125
-88.76898925781249,56.662021484374996
-89.326943359375,53.787978515625
-90.1435546875,50.9924609375
-90.96060668945313,48.17600708007812
-92.0361572265625,50.072314453125
-92.78,52.894044189453126
-93.36999999999999,55.754921874999994
-94.09398437499999,58.57753906250001
-92.35234375,59.47
-89.34738408565522,59.47
-99.67,73.28903137207031
-99.08,70.432021484375
-98.35,67.59802368164063
-97.62601562500001,64.76246093750001
-96.9410107421875,61.937954101562504
-96.2525390625,59.0882421875
-95.5683154296875,56.2467431640625
-94.82999999999998,53.424696655273436
-93.92795410156249,50.6299755859375
-92.97953613281251,47.859072265625
-91.14284790039062,45.7
-89.3330234527588,47.91395309448242
-88.38297103881835,50.698823623657226
-87.51,53.492045898437496
-86.78,56.3172607421875
-86.05384277343751,59.1532373046875
-85.3710107421875,61.992045898437496
-84.6952099609375,64.8172607421875
-83.99,67.66710937500001
-83.26,70.487978515625
-82.68,73.34897144198418
-84.3627392578125,74.479580078125
-85.214296875,71.685078125
-85.8935546875,68.8624609375
-86.5825390625,66.0117578125
-87.22000000000001,63.1620458984375
-88.79191753387451,61.23
-91.78916854798794,61.23
-94.677109375,61.5075390625
-95.42,64.32122009277344
-96.054296875,67.1817578125
-96.74,70.02000000000001
-97.4225390625,72.8582421875
-99.106318359375,74.71
#
-69.483486328125,72.656630859375
-66.71900642395019,71.70642204284668
-65.07231445312499,69.37647460937501
-64.51,66.51128166198731
-65.19367022514342,63.66713307499886
-67.09994603872299,61.52
-70.1083505883813,61.52
-73.112978515625,61.52000000000001
-76.10758911132812,61.519999999999996
-77.7,63.06426365539432
-77.7,66.06635314941406
-77.7,69.0638019645214
-76.97760314941407,71.69300354003906
-74.17999999999999,72.50999999999999
-71.21636794447899,72.66
-65.953681640625,58.863681640625
-64.8,56.195908203125
-64.51,53.26424339294433
-65.22300308227538,50.431873092651365
-67.29653503417968,48.41234558105469
-70.13923515319824,47.75
-73.12357849121094,47.75
-75.9900244140625,48.34
-77.7,50.259232116192585
-77.7,53.25635782049969
-77.7,56.25495892509818
-77.7,59.25591418266296
-75.09997658025473,59.77
-72.09912125080824,59.77
-69.09526290893555,59.77
-79.45,74.12881625056266
-79.45,71.12325793804601
-79.45,68.12252529425314
-79.45,65.12716375564924
-79.44999999999999,62.1348332133959
-79.44999999999999,59.12390859797597
-79.45,56.13634115582332
-79.45,53.13237191038206
-79.45,50.13105791881681
-79.45,47.131237371955066
-77.8071875,45.86765625
-76.06877990722656,46.29
-73.21333572387695,45.7
-70.22481615066528,45.7
-67.36214401245117,46.328927993774414
-64.7678545475006,47.79214545249939
-63.11905212402343,50.25189575195313
-62.46,53.09708068847656
-62.75,56.031119384765624
-63.73278494477272,58.78556988954544
-64.24555844664573,61.466713255643846
-62.89987449645996,64.15103569030762
-62.46,67.05379336357117
-63.05,69.90624206542968
-64.58341521263122,72.43341521263123
-67.13408586502075,73.9670429325104
-69.94958007812501,74.71
-72.9487760734558,74.71
-75.81382835388185,74.11999999999999
-77.7,74.32996231079102
#
-48.116513671875,74.70663085937498
-50.87479196548462,73.76260401725769
-53.34984435081482,72.10015564918518
-55.34455894470214,69.90088211059572
-56.901855329275136,67.36628934144973
-57.983003540039064,64.61760314941407
-58.65,61.77102003455162
-58.650000000000006,58.77467964172364
-58.051176376342774,55.92758705139159
-56.963415212631226,53.16683042526245
-55.41097229003906,50.641944580078125
-53.4531005859375,48.4131005859375
-51.01804241895675,46.71902120947837
-48.244521484375,45.769580078125
-45.252427368164064,45.7
-42.475393985509875,46.615910228490826
-39.99481377005577,48.24518622994423
-37.86871040344238,50.37128959655762
-39.93536697387695,50.94463302612305
-42.09469116210938,48.857654418945316
-44.85737976074219,47.91404418945312
-47.818348512649536,47.75
-50.62241497993469,48.57318362236023
-52.894178615808485,50.49417861580849
-54.63414351463318,52.899006204605094
-55.842021484374996,55.6099755859375
-56.599999999999994,58.428684979826215
-56.599999999999994,61.43844446778298
-56.02,64.29142395019531
-54.87591022849083,67.02539398550988
-53.2811242389679,69.52887576103211
-51.115403966903685,71.58821509361267
-48.345908203125,72.537978515625
-45.37224548339844,72.66
-42.58145399093628,71.79572699546814
-40.32479196548462,69.85479196548462
-37.85,69.52218750000002
-39.621986417770394,71.79198641777039
-41.99630102992058,73.55556264042855
-44.7766796875,74.504921875
-47.72695366859436,74.71
#
-23.7833740234375,72.656630859375
-21.019006423950195,71.70642204284668
-18.805043716430664,69.71504371643067
-17.136201553344726,67.27066123962402
-15.9253125,64.54218750000001
-15.29,61.6981298828125
-15.29,58.697870513945816
-15.935914916992187,55.846242065429685
-17.136201553344726,53.13933876037598
-18.81371501803398,50.68628498196602
-21.032414979934693,48.69681637763977
-23.803453979492186,47.75
-26.813275913000105,47.75
-29.721119384765625,48.085559692382816
-32.29,49.33820459485054
-32.29,52.344433277715
-32.29,55.33986984610558
-32.290000000000006,58.33050960827851
-32.29,61.3296370573528
-32.29,64.32892576592043
-32.29,67.33797739276662
-32.29,70.32874996319413
-30.403828353881835,72.07
-27.54218057259917,72.66
-24.543529638051986,72.66
-34.04,72.63282726168632
-34.04,69.63879044615896
-34.04,66.6468426513672
-34.040000000000006,63.649145806210576
-34.04,60.64190895593492
-34.04,57.63740670308471
-34.04,54.63964931340888
-34.04,51.646869208421556
-34.04,48.64723191572353
-33.85124999999999,45.72109375
-32.03394554138183,46.89284370422364
-29.29676695823669,45.819395303726196
-26.33238024353981,45.7
-23.373828353881837,45.91161270141602
-20.592536821365357,46.86129017829895
-18.228788042068484,48.62562721252442
-16.274696655273438,50.87169311523437
-14.783359375,53.459609375
-13.710882110595701,56.19528953552246
-13.24,59.09516880393028
-13.24,62.08428202629089
-14.048880615234374,64.89653503417969
-15.137155914306641,67.6519871520996
-16.690419921875,70.175478515625
-18.76672671198845,72.32435685157776
-21.286896362304688,73.89441223144532
-24.10388026237488,74.70999999999998
-27.09764651298523,74.71
-29.981873092651366,74.24512382507325
-32.29,73.88804784774781
#
-9.149296875,74.70992187499999
-9.43,71.88880202174187
-9.430000000000001,68.88171049021884
-9.429999999999998,65.88606322884559
-9.43,62.8955211742036
-9.43,59.892900742643974
-9.43,56.88250009892741
-9.43,53.8948986835801
-9.43,50.8838531114161
-9.43,47.88606132520363
-8.472975387573243,45.7
-5.935786209553479,45.7
-2.9291851965896782,45.7
0.07963120395317691,45.7
3.0658068318665026,45.7
6.071850273460148,45.7
7.475625,47.34625
4.514447058439254,47.459999999999994
1.5219794575870038,47.46
-1.4846102368272838,47.46000000000001
-4.485631428956985,47.46
-7.481249999999999,47.48109375
-7.68,50.40176232159138
-7.68,53.40811544887722
-7.68,56.396364250183105
-7.0530078125,58.88999999999999
-4.042143182009458,58.89
-1.0437429015338422,58.89
0.50890625,60.451249999999995
-2.43160870552063,60.64
-5.439985387474298,60.64
-7.68,61.537309231758115
-7.679999999999999,64.53603469990193
-7.68,67.53648700244725
-7.68,70.53759641587733
-6.9881478893756865,72.95
-3.9821728515625,72.95
-0.9756087530590597,72.95
2.0223931585252286,72.95
5.0130433951318265,72.95
7.56,73.55970764160156
5.575649455785752,74.71000000000001
2.5675526173412795,74.71000000000001
-0.4304832671023906,74.71000000000001
-3.4236150497011844,74.71
-6.430222253799439,74.71
#
11.061308593749999,74.70992187499999
10.78,71.88880202174187
10.78,68.88171049021884
10.78,65.88606322884559
10.78,62.8955211742036
10.779999999999998,59.892900742643974
10.78,56.88250009892741
10.78,53.8948986835801
10.78,50.8838531114161
10.78,47.88606132520363
11.733615885972977,45.7
14.732299341838806,45.7
17.73274542087922,45.7
20.734385339375585,45.7
23.73578363740817,45.7
26.73225472569466,45.7
27.272902994155885,47.46
24.28309837767854,47.459999999999994
21.288315411116926,47.459999999999994
18.285119276046753,47.46
15.282080618590115,47.459999999999994
12.54,47.8572872877121
12.540000000000001,50.85630893528461
12.54,53.866951918602
12.54,56.86038344539702
13.616773378849029,58.89
16.617675894796847,58.89
19.620020796358585,58.89
20.317740631103515,60.64
17.32866810709238,60.64
14.317301908433437,60.64
12.540000000000001,61.996968307495116
12.54,64.99971082614735
12.539999999999997,67.99060035705565
12.54,70.99353712117299
12.54,73.9920989716053
#
42.1233740234375,74.70663085937498
39.36215336799622,73.76260401725769
36.8978515625,72.1146875
34.88838729858398,69.90088211059572
33.33308607816696,67.36628934144973
32.25060668945313,64.61760314941407
31.58,61.78958930969238
31.58,58.77467964172364
32.18358932495117,55.92758705139159
33.26413254022599,53.18044903039932
34.81968383789062,50.641944580078125
36.78050964355469,48.4131005859375
39.21829073309898,46.71902120947837
41.9931591796875,45.769580078125
44.97547066688538,45.7
47.74941528320313,46.60970764160157
50.235186229944226,48.24518622994423
52.361289596557626,50.37128959655762
50.30324256896973,50.94463302612305
48.13653503417969,48.857654418945316
45.36358932495118,47.90702896118164
42.400395507812505,47.75
39.6041162109375,48.579975585937504
37.3354638671875,50.504536132812504
35.595856485366824,52.899006204605094
34.392045898437495,55.6099755859375
33.63,58.441623849868776
33.63,61.43844446778298
34.22,64.305
35.36029235839844,67.03785217285157
36.958875761032104,69.52887576103211
39.12459603309631,71.58821509361267
41.8900244140625,72.537978515625
44.867754516601565,72.66
47.66758705139161,71.78882362365724
49.91515191078186,69.84484808921815
50.63,67.10410723686218
50.629999999999995,64.09553019404412
49.17865705966949,62.4
46.17863605976105,62.39999999999999
43.59,62.96284790039063
41.84,62.68951919555664
42.92823219239712,60.63999999999999
45.92386176168919,60.64
48.93859375,60.64
51.933552184104926,60.64
52.38,63.34190612792969
52.38,66.34412979302928
52.38,69.35230468750001
50.70814514160157,71.69185485839844
48.34851981878281,73.5007400906086
45.56888061523438,74.44678588867187
42.6403670501709,74.71
#
56.471308593749995,74.70992187499999
56.19,71.88880202174187
56.18999999999999,68.88171049021884
56.190000000000005,65.88606322884559
56.190000000000005,62.8955211742036
56.19,59.892900742643974
56.19,56.88250009892741
56.190000000000005,53.8948986835801
56.19,50.8838531114161
56.19,47.88606132520363
57.138999958038326,45.7
57.95000000000001,48.05082152232527
57.95,51.0482916200161
57.95,54.04472106933594
57.95,57.04621887207031
59.20884501099586,58.89
62.21260332867504,58.89
65.21316434979438,58.89
68.22116012742742,58.89
71.20749999999998,58.87
71.43,55.966048492919654
71.43,52.95783166527748
71.43,49.966273982133714
71.43,46.96701110169292
73.1778125,45.98015625
73.18,48.986671385914086
73.18,51.97298289806349
73.18,54.96959905034164
73.17999999999999,57.98663602954475
73.18,60.974564847003194
73.18,63.97234508391702
73.18,66.98271578280256
73.18,69.97093749999999
73.18,72.98167392006144
71.7702734375,74.71
71.43,71.93939438819885
71.43,68.93123535156249
71.43,65.93658891966567
71.43,62.9420501984097
70.57613281249999,60.63999999999999
67.57362913504242,60.64
64.57171417042613,60.64000000000001
61.576258600559086,60.64
58.58477636218071,60.64
57.95,63.14921316256746
57.95,66.14785369470715
57.95,69.14427362633869
57.95,72.1554248510301
57.3622361755371,74.71
#
77.57070312499998,74.70992187499999
77.29,71.88880202174187
77.29,68.88171049021884
77.29,65.88606322884559
77.29,62.8955211742036
77.29,59.892900742643974
77.29,56.88250009892741
77.29,53.8948986835801
77.29,50.8838531114161
77.29,47.88606132520363
78.24702461242676,45.7
79.04,48.04317713737488
79.04,51.04640188300982
79.04,54.046204761958215
79.03999999999999,57.04505098723108
79.04,60.05934553056722
79.04,63.0591345979832
79.04,66.0588792541786
79.04,69.04960547581547
79.04,72.06092001566662
78.5671875,74.71
#
86.063486328125,74.70663085937498
83.53949417114258,73.34610862731934
83.89268348693847,71.35268348693847
86.40636283874511,72.66
89.3500603914261,72.95
92.26805541992188,72.64031616210937
95.04079077720642,71.68635336875916
96.804207611084,69.36635047912597
97.5,66.52848693847656
97.5,63.524042673110955
97.5,60.53196022033691
97.5,57.53190344085917
97.5,54.52562086330727
97.5,51.529774176601784
97.5,48.5202383518219
97.80313964843751,45.7
99.26,47.41212585614994
99.26,50.40570983886718
99.26,53.402958473435135
99.25999999999999,56.40532134935493
99.26000000000002,59.407599591847976
99.26,62.40896638106787
99.26000000000002,65.40438379896804
99.26,68.41394475102423
98.11624064445496,71.12973803520202
96.06545266389847,73.22727366805077
93.3455517578125,74.41
90.4151141357422,74.71
87.40662825584411,74.71
#
103.64130859375003,74.70992187499999
103.36,71.88880202174187
103.36000000000001,68.88171049021884
103.36,65.88606322884559
103.36,62.8955211742036
103.36,59.892900742643974
103.36,56.88250009892741
103.36,53.8948986835801
103.36,50.8838531114161
103.36,47.88606132520363
104.31702461242676,45.7
105.11999999999999,48.037332788705825
105.12,51.041119330953805
105.12,54.04419203475118
105.12,57.047473029047254
106.55777886405588,56.568124899864195
108.65768554687499,54.436474609375004
110.62904530048371,52.20888269305229
112.75391630373895,50.081420383695516
114.86760736286641,47.96515165254473
116.98767364501953,45.84249992370606
118.56647705078126,47.19352294921875
116.44625728331505,49.31374271668493
114.32187784850598,51.43812215149403
112.20984577178955,53.550154228210445
110.19818077087402,55.76025291442871
108.13672609850764,57.92327390149236
106.01141533851623,60.048584661483766
107.81327390149235,62.16865443348884
109.93858466148376,64.28896446228028
111.87495813906193,66.52495813906192
113.99857220925391,68.64857220925391
116.11860959358512,70.76860959358513
118.23765625,72.88765624999999
117.4013623046875,74.71
115.20746432125569,72.7851197655499
113.09005668453874,70.66512992439792
110.96750213496387,68.53998689366504
108.87215698242187,66.38817016601563
106.89556598782539,64.18062458038331
105.12,62.88568109631538
105.12,65.88992229392753
105.12,68.89710658192635
105.12,71.89231044158339
104.79107849121094,74.71
#
122.980703125,74.70992187499999
122.69999999999999,71.88880202174187
122.7,68.88171049021884
122.70000000000002,65.88606322884559
122.70000000000002,62.8955211742036
122.70000000000002,59.892900742643974
122.7,56.88250009892741
122.70000000000002,53.8948986835801
122.7,50.8838531114161
122.70000000000002,47.88606132520363
123.65702461242675,45.7
124.45,48.04769785314798
124.45,51.045884444378316
124.45,54.053125082631595
124.45,57.055356675316574
124.44999999999999,60.05216116934548
124.45,63.053964485577296
124.45,66.05276635332498
124.45,69.05065127147827
124.45,72.05307766675949
126.66392433166504,72.95
129.6656347835064,72.94999999999999
132.66987013816833,72.95
135.65782997012138,72.95
138.66400012373924,72.95
139.18264340400694,74.71
136.18898276925086,74.71
133.18986319541932,74.71
130.1832788193226,74.71
127.18147463096305,74.71
124.18265792295337,74.71
#
158.72070312499997,74.70992187499999
158.44000000000003,71.89294018706308
158.44,68.89127320454689
158.44,65.89320465116063
158.44,62.89256322130561
158.44,59.888601870108396
158.44,56.88378227645531
158.44,53.88033338665962
158.44,50.885147218704226
156.97500000000002,53.025
155.4178125,55.5528125
153.9220458984375,58.127954101562494
152.3167626953125,60.6132373046875
150.276875,58.935312499999995
148.70685966491698,56.41478950500488
147.22075622558592,53.82802368164062
145.69635848999025,51.27524040222168
145.25,52.9275257396698
145.25,55.9257995464094
145.25,58.92758388416842
145.25,61.91941667914391
145.25,64.92316713213921
145.25,67.93075485423208
145.25,70.93438288345934
145.25,73.93132104754449
143.5,73.39663668572904
143.5,70.40039396335371
143.5,67.40242967498489
143.5,64.40331567905844
143.5,61.39692267895676
143.5,58.39522749616765
143.5,55.402648035660384
143.5,52.39844845154323
143.5,49.39192902505398
143.5,46.397513160705564
145.25,46.53456664085388
146.176875,49.26531250000001
147.8227392578125,51.7231591796875
149.49142395019533,54.17284790039062
151.04642204284667,56.699006423950195
152.71151245117187,56.56970764160157
154.270419921875,54.044521484375
155.93142395019532,51.59262023925781
157.6003232574463,49.1379630279541
158.44,46.38838171958923
160.2,46.54215884566307
160.2,49.54070328101516
160.2,52.553500000704084
160.19999999999996,55.53915192618966
160.2,58.54373829841614
160.2,61.534984741210934
160.2,64.55329247400164
160.2,67.55084490662207
160.2,70.5489342030324
160.2,73.54423276951536
#
164.580703125,74.70992187499999
164.3,71.88880202174187
164.3,68.88171049021884
164.3,65.88606322884559
164.3,62.8955211742036
164.3,59.892900742643974
164.3,56.88250009892741
164.3,53.8948986835801
164.3,50.8838531114161
164.3,47.88606132520363
165.25702461242676,45.7
166.1859558105469,48.01737976074219
167.8467858886719,50.462345581054684
169.49075622558593,52.94802368164063
171.07636283874513,55.45702461242676
172.6314239501953,57.97737976074219
174.1864220428467,60.5090064239502
175.7453515625,63.0402734375
177.2024609375,65.64246093749999
178.81122009277348,68.12848754882812
179.53,67.40073905706406
179.53000000000003,64.40143706351519
179.53,61.40254354391247
179.53,58.399830009541475
179.53,55.411923828125
179.53,52.39970102287363
179.53,49.40195300395135
179.52999999999997,46.40163803100586
181.29,46.52969168866053
181.29,49.526399223275945
181.29000000000002,52.53565626152558
181.29,55.5193799303961
181.29,58.52305878969142
181.28999999999996,61.534984741210934
181.29,64.53337204392301
181.29,67.53273148536682
181.29,70.51928010210395
181.29,73.52859181761741
179.53,74.3968603515625
178.7077392578125,71.595478515625
177.14363716125487,69.05727432250977
175.6932373046875,66.4732373046875
174.14022532463076,63.93045064926147
172.58714414596557,61.407293262481694
171.036630859375,58.8833740234375
169.47257349967956,56.34679829597473
167.97404418945314,53.77404418945312
166.4673716545105,51.2167669582367
166.05,52.99853874579072
166.05,55.990700650012585
166.05,58.996269144963
166.05,61.98900917053223
166.05,64.99719282532111
166.05,67.98832027599215
166.05,70.98479732157662
166.05,73.99812141418457
#
198.876513671875,72.656630859375
201.64099357604982,71.70642204284668
203.85495628356932,69.71504371643067
205.51917255282402,67.25986709475518
206.73312500000003,64.54218750000001
207.36,61.6981298828125
207.36,58.697870513945816
206.72215698242186,55.846242065429685
205.5084745514393,53.128645466566084
203.8375154399872,50.677515439987175
201.6275850200653,48.69681637763977
198.85128959655762,47.75
195.8579630279541,47.79171371459961
193.083359375,48.7433203125
190.87938591003416,50.76061408996581
189.2418730926514,53.22837455749512
188.0424609375,55.9346484375
187.44000000000003,58.79685426831246
187.44,61.80874626159668
188.1217578125,64.6366796875
189.32731651306153,67.35324256896973
191.0170827484131,69.78708274841308
193.24475952148438,71.74737976074219
196.03748634338376,72.66
195.79111808776855,74.63429733276367
193.01494673728942,73.68433518409729
190.5905096435547,71.9968994140625
188.62289062500003,69.75492187500001
187.06297538757323,67.21595077514648
185.98882362365723,64.48241294860841
185.39000000000001,61.61515597701073
185.39,58.620410690307615
186.06364663124086,55.779209222793575
187.14499999999998,53.03
188.70492187500003,50.496484375
190.7078515625,48.2953125
193.1721533679962,46.64739598274231
195.9484051513672,45.70000000000001
198.9411193847656,45.736785888671875
201.71221725463866,46.686108627319335
204.15378356933593,48.35378356933594
206.1446875,50.589375
207.69610268592834,53.11220537185669
208.78261159896851,55.85940615653992
209.41,58.71532944798469
209.41,61.7140625
208.775908203125,64.5641162109375
207.69610268592837,67.29779462814331
206.1340850830078,69.84182983398438
204.15378356933593,72.05621643066407
201.71221725463866,73.72389137268067
198.923525390625,74.682314453125
#
223.1866259765625,61.2267431640625
225.9571559143066,60.28258438110352
227.60676269531248,57.9555517578125
228.16000000000003,55.07789096832275
227.87,52.1433740234375
226.87817016601562,49.398170166015625
224.28765441894532,48.05
221.35770736813544,47.75
218.487109375,48.34
216.1963628387451,50.01297538757324
215.27,52.80352020263672
215.27,55.80418956756591
216.02122009277343,58.61970764160156
218.12323303222655,60.601944580078126
220.97426983952522,61.23
213.22,74.0909423828125
213.22000000000003,71.09541044905781
213.22000000000003,68.10490019798279
213.22,65.08783360468456
213.22,62.093552937556524
213.22,59.10315518961521
213.22,56.09629665493965
213.22,53.095757432132956
213.22,50.10071673383936
213.22,47.09629779336974
214.8809765625,45.8766015625
215.33792968749998,47.98207031250001
217.87463302612304,46.452683486938476
220.69500393509864,45.70000000000001
223.6331591796875,45.930419921875
226.41876925110816,46.88185532927514
228.7717529296875,48.673505859375005
229.84682075500487,51.41364151000977
230.21,54.32521484375
229.92,57.26151245117188
228.9114055633545,60.02718887329102
226.70494673728942,61.959388446807864
223.94382835388186,62.989999999999995
221.01982300758362,63.28
218.15938491821288,62.67951889038086
215.5620721435547,61.22207214355469
214.98000000000002,62.821897435039276
214.98,65.82622509384528
214.98,68.82906464515254
214.98,71.81996832728386
214.72499999999997,74.70499999999998
#
247.7966259765625,72.656630859375
249.86499999999998,71.50500000000001
248.38,69.1141362762451
250.5160015964508,68.63600159645081
252.63,69.87
254.3479736328125,67.46312988281251
255.55499999999998,64.745
256.29,61.91604797363281
256.29,58.91265778183937
255.7,56.0517578125
254.5352404022217,53.32300422668457
252.9225690555573,50.83256905555725
250.746318359375,48.7931591796875
247.9766796875,47.844921875
244.98589843750003,47.75
242.1975870513916,48.648823623657236
239.9660015964508,50.60399840354919
238.26704293251038,53.03722146034241
237.0583068847656,55.74699645996094
236.37,58.57410760045052
236.37,61.5844538116455
236.95,64.43753906250001
238.16033907890318,67.15845883369445
239.79405650138855,69.63405650138856
241.98471046447756,71.65382835388185
244.7589717102051,72.6077439880371
247.7570947265625,72.66
242.12057907104494,73.77528953552246
239.66356803894044,72.14356803894043
237.64469665527344,69.93939331054688
236.08870982170106,67.4074196434021
235.00681193351744,64.6568982410431
234.32,61.82608416557312
234.32,58.81519366264342
234.905,55.955
235.97940615653994,53.22118768692017
237.54325683593748,50.673486328125
239.48696144104002,48.44303855895996
241.9119871520996,46.7390064239502
244.68911788940432,45.788387298583984
247.66410156249998,45.7
250.45743483543396,46.59740372657776
252.93661755561828,48.20945640563965
254.97702896118165,50.40358932495117
256.53705955863,52.93411911725998
257.6150155544281,55.67740372657776
258.34,58.51358881950378
258.34,61.511617994308466
257.7963628387451,64.37297538757323
256.7142972481251,67.12140550374984
255.17591491699218,69.67215698242188
253.78781730651858,71.90993804931641
254.806328125,74.4959375
252.24048714756964,73.88048714756965
249.72204589843753,74.11999999999999
246.8629296875,74.71
#
270.946513671875,61.516743164062504
273.74487617492673,60.703622283935545
276.1099136924744,59.08689824104309
277.0632373046875,56.304448242187505
277.09,53.311256408691406
276.39897171020505,50.47620155334473
274.3532017040253,48.437426500320434
271.5170707798004,47.75
268.58348632812493,48.05
265.8462420654297,49.04182983398438
264.49,51.632345581054686
263.91,54.509026322364804
263.91,57.5056670075655
263.91,60.50136898040771
266.0061963105202,61.519999999999996
268.990512740612,61.519999999999996
262.15,73.82962559668347
262.15,70.84062053805218
262.15,67.83864094042917
262.15,64.83127697510645
262.15,61.824893198627976
262.15,58.83356674419716
262.15,55.83679550984176
262.15,52.84105631710962
262.15,49.83149901032448
262.15,46.834871414583176
263.91,46.100546875
264.4522857666016,47.79771423339844
267.04112661361694,46.33443669319153
269.8892712688446,45.7
272.81182983398435,46
275.5751700401306,46.9975850200653
277.8159375,48.904999999999994
278.85,51.67375793457032
279.14,54.5930725479126
278.803125,57.51218750000001
277.72196190834046,60.265111541748055
275.3848258972168,62.08235275268555
272.6078125,63.0353125
269.8382071685791,63.3482071685791
271.9117578125,65.5166796875
273.909863357544,67.71986335754394
276.02554188728334,69.83554188728333
277.983196362257,72.083196362257
279.0691015625,74.5784375
276.56344192504883,73.60290428161622
274.612421875,71.352421875
272.6647937011719,69.10840393066407
270.70739598274236,66.86045064926148
268.76241928100586,64.62241928100586
266.4428094482422,63.28
263.90999999999997,63.88272968292236
263.91,66.8812585067749
263.91,69.89135841079056
263.91,72.87988378942012
262.5834649658203,74.71
#
285.28581176757814,74.70578308105469
283.83,72.31876342773438
285.34237869262694,72.41237869262696
288.1176883901656,72.94999999999999
291.12254631996154,72.95
293.9766796875,72.36
296.66590820312496,71.24409179687501
297.89,68.5826202392578
298.48,65.72610862731933
297.83408508300784,62.87624206542969
295.51711916834114,61.230000000000004
292.51976265307513,61.23
289.51838366616516,61.22999999999999
286.5198988342285,61.23
284.27,59.47
283.445078125,56.6533203125
283.24,53.71051624298096
283.83,50.85487617492676
285.1061086273193,48.23389137268067
287.59292294263844,46.6035385286808
290.38181824684136,45.70000000000001
293.373538736552,45.70000000000001
296.38509856343273,45.7
299.02658765912054,46.54658765912057
299.4475,49.19265625
297.1772855937481,47.46
294.1653815746307,47.46
291.2100244140625,47.577954101562504
288.3840441894531,48.34
286.14962430953983,50.13610268592834
285.29,52.929747085571286
285.29,55.7968408203125
286.3369969177246,58.46699691772461
289.1454526031017,59.18
292.14660572702064,59.18
295.1475866074301,59.18000000000001
298.0337992858887,59.691899642944335
299.65,62.02939331054688
300.23,64.88934627532959
300.1382421875,67.86351562499999
299.32232048034666,70.67535903930664
297.4990234375,73.0002734375
294.7891178894043,74.20544105529784
291.9115172167122,74.71
288.8977903832495,74.71
285.91068443298343,74.71
#
312.82130859374996,74.70992187499999
312.54,71.87785674896091
312.54,68.88603076696396
312.54,65.88296112522949
312.54,62.890959291416216
312.54,59.89030053277034
312.54,56.88756065819412
312.54,53.88307271848898
312.54,50.886637103594836
312.54,47.89343807458877
309.81803373247385,47.46
306.81358617037534,47.46000000000001
304.34,46.82528953552246
306.3542933630943,45.7
309.3485868917033,45.7
312.3445115658641,45.7
315.34808639913797,45.7
318.34437467336653,45.7
321.3475,45.70234375
320.36432233095167,47.46
317.37032890081406,47.46000000000001
314.3990625,47.5590234375
314.3,50.52764058019966
314.29999999999995,53.534822938442225
314.3,56.534882416692554
314.3,59.54047741589602
314.30000000000007,62.54185884915758
314.3,65.53260602712632
314.3,68.52634583305567
314.3,71.53158263582736
314.2712890625,74.5259375
#
332.453486328125,74.70663085937498
329.68243632078173,73.75621816039086
327.22498430252074,72.11214545249939
326.02,69.4553515625
325.43,66.59002782776953
325.42999999999995,63.602157831192024
325.43,60.596160162705935
325.43,57.60162925720215
325.43000000000006,54.59964852705598
325.43,51.58313870429993
325.43,48.59358033016324
325.66960937500005,45.7052734375
327.19,47.345062255859375
327.19,50.3475227355957
327.19,53.34306759387255
327.19,56.34008685965091
327.19,59.33009481430054
327.19,62.33917056315113
327.19,65.33909446001053
327.74323730468745,68.20647460937501
328.7223455810547,70.97111938476563
331.2966259765625,72.36
334.1655517578125,72.94999999999999
336.9633203125,72.1617578125
339.36749215126036,70.56785454750062
340.31408508300785,67.79182983398438
340.6600000000001,64.87426417414099
340.66,61.87383883725852
340.66,58.8665566444397
340.65999999999997,55.874708367628045
340.6600000000001,52.868964750901796
340.6600000000001,49.87999366503209
340.66,46.880859375
342.42,46.06256317257881
342.42,49.067360739540305
342.42,52.059811166953295
342.4200000000001,55.06721281632781
342.4200000000001,58.0689932183153
342.42,61.05767643119907
342.41999999999996,64.07297119274735
342.4200000000001,67.05677216121927
342.42,70.0642067783512
342.42,73.05883921621367
340.9237499999999,74.70874999999998
340.50845756530765,72.22328430175781
338.02089901804925,73.83078644633294
335.2324704742432,74.70999999999998
#
354.7274755859375,74.7074755859375
353.06417541503913,72.25835083007811
352.1167626953125,69.48444824218751
351.2989892578125,66.677978515625
350.61615722656245,63.842314453125
349.89,61.0072607421875
349.15999999999997,58.182045898437494
348.43,55.3575390625
347.732470703125,52.5072607421875
347.0489892578125,49.682045898437494
346.52000000000004,46.81021428108215
348.3472607421875,46.134521484375
349.16,48.9424609375
349.75,51.790419921875
350.48,54.62595581054688
351.0947900390625,57.4872607421875
351.8,60.3046875
352.46898925781244,63.1620458984375
353.12,66.00400733947754
353.837109375,68.8246484375
354.52218750000003,71.66437499999999
355.737080078125,70.9267626953125
356.48,68.11500000000001
357.07000000000005,65.2382421875
357.79398437500004,62.412890625
358.39,59.564921875
359.12,56.73169311523438
359.72291992187496,53.882314453125
360.44,51.047260742187504
361.1,48.195
362.2755877685547,45.7
363.52,47.61524772644043
362.78,50.435312499999995
362.0789215087891,53.264085083007814
361.39000000000004,56.105000000000004
360.70812500000005,58.935312499999995
360,61.77312500000001
359.27,64.6
358.54,67.426875
357.66,70.2182421875
356.6196883392334,72.9706233215332
#
375.8174755859375,74.7074755859375
374.15417541503905,72.25835083007811
373.207685546875,69.48444824218751
372.38898925781245,66.677978515625
371.7061572265625,63.842314453125
370.99,61.0072607421875
370.25,58.182045898437494
369.52,55.3575390625
368.8247900390625,52.5072607421875
368.143056640625,49.682045898437494
367.62,46.81021428108215
369.4472607421875,46.134521484375
370.25,48.9424609375
370.8399999999999,51.813125
371.57,54.64000000000001
372.192470703125,57.4872607421875
372.89,60.3232373046875
373.563056640625,63.1620458984375
374.21,66.00400733947754
374.9367431640625,68.84337402343749
375.62577520370485,71.67485300064087
376.8361572265625,70.9267626953125
377.5799999999999,68.10142395019531
378.16,65.2382421875
378.8935546875,62.412890625
379.48,59.55197631835938
380.21,56.717978515625
380.8234375,53.863125000000004
381.53,51.047260742187504
382.195,48.195
383.3696875,45.7
385.34,47.2372607421875
386.057080078125,50.072314453125
386.66,52.935078125
387.38999999999993,55.7521875
387.98644531250005,58.60289062500001
388.6752099609375,61.452739257812496
389.3634460449219,64.29142395019531
389.9147900390625,67.1572607421875
390.7330065917969,69.9640850830078
391.67871154785155,72.58257690429687
392.6352099609375,69.7972607421875
393.4,66.98530334472657
393.98,64.1146875
394.691078491211,61.28591491699218
395.3,58.43142395019531
395.9309881591797,55.58075622558594
396.62,52.742890625
397.29945678710936,49.90830688476562
397.9874609375,47.078242187499995
400.0081640625,45.8587890625
399.84,48.724921875
399.1116845703125,51.556743164062496
398.4274609375,54.3982421875
397.7394567871094,57.23469665527343
397.0535546875,60.0724609375
396.33,62.8982421875
395.6,65.73469665527344
394.8567431640625,68.5566259765625
393.9127392578125,71.3268408203125
392.6403271484375,73.9996728515625
390.3887890625,73.667578125
389.3,70.9267626953125
388.3640850830078,68.14817016601563
387.5464453125,65.342890625
386.86054321289066,62.50830688476563
386.17253906250005,59.675078125
385.4835546875,56.82710937500001
384.76,54.0017578125
384.02000000000004,51.1782421875
383.1874609375,53.2282421875
382.49898925781247,56.077954101562504
381.8161572265625,58.9167626953125
381.09,61.73802368164063
380.36,64.572021484375
379.63000000000005,67.39289062499999
378.75,70.1920458984375
377.725,72.95
#
403.6413085937499,74.70992187499999
404.07239685058596,72.10520629882812
405.6320611572266,69.57587768554687
407.0776749420166,66.97803565979004
408.52662536621096,64.37674926757812
409.98091484069823,61.75817031860352
410.43531249999995,59.2253125
408.97018119812014,56.63036239624024
407.5192962646484,54.022202758789064
406.06793884277346,51.415877685546874
404.5125962734222,48.895192546844484
403.65,46.09180793762207
405.7931017589569,46.766203517913816
407.35662536621095,49.30112998962402
408.7995750208199,51.89794380798936
410.1445824034512,54.58442837014795
411.48634864807127,57.26443916320801
412.83115164637564,57.22948450684547
414.1777076376974,54.539906791895625
415.5154879905283,51.86785732075572
416.9685944366455,49.250976972579956
418.52310891389845,46.72756367921829
420.64,46.16268348693848
419.74727366805075,48.95545266389847
418.1966253662109,51.486749267578126
416.74428939819336,54.08803565979004
415.2930234527588,56.70395309448242
413.815078125,59.2717578125
414.35,61.82
415.79859443664554,64.42718887329102
417.248046875,67.0429296875
418.70337463378905,69.64674926757812
420.25040694117547,72.17081388235093
420.5442053222656,74.71
418.45361310601237,73.26216761946678
416.89879035949707,70.72758071899413
415.446166447401,68.1123328948021
414.110803450197,65.44160690039396
412.7621424138546,62.74428482770921
411.42440015599124,62.971199688017364
410.08332249494265,65.65335501011461
408.74053565576673,68.33892868846655
407.29236022949215,70.94527954101562
405.73917144060135,73.4674162185192
#
428.54348632812497,74.70663085937498
425.80204589843754,73.71204589843751
426.6359558105469,72.07
429.46262023925783,72.81857604980469
432.4174813079834,72.95
435.283486328125,72.363369140625
438.03277015686035,71.37897171020508
439.39,68.7955517578125
439.97999999999996,65.92744892328977
439.98,62.92240865468979
439.4783062744141,61.14169372558594
436.89936998367307,62.62971940994262
434.0451376473904,63.28
431.1188806152344,62.99
428.3494025099277,62.00676381349564
426.09495536804195,60.11991073608399
425.0400000000001,57.366474609375
424.75,54.42931646248326
424.75,51.42514023184776
424.75,48.429106920957565
425.1479736328125,45.7
426.5,47.519787850975995
426.5,50.513398572802544
426.5,53.519092352986334
426.8792437744141,56.41122009277344
427.8331591796875,59.1986376953125
430.25997558593747,60.762021484375
433.06375793457033,61.52
435.93352539062494,60.912314453125
438.49464843749996,59.4953515625
439.4478430175781,56.72624206542969
439.98,53.85543079853058
439.98,50.85898494720459
439.98,47.859384246468544
440.970048828125,45.7
441.74000000000007,48.078769540786745
441.74000000000007,51.08299677014351
441.74,54.072831802368164
441.74,57.078166557531816
441.74,60.082161185722796
441.74,63.08222961425781
441.74,66.08581783652306
441.37429733276366,68.99635848999023
440.2917529296875,71.736494140625
437.9437106585503,73.52814467072487
435.155478515625,74.479580078125
432.2222481763363,74.70999999999998
429.2209543168545,74.71000000000001
#
446.12130859375,74.70992187499999
446.1877545559406,71.96279452443123
447.52350108265875,69.28478563427925
449.1851238250732,66.84187309265137
450.70204589843746,64.2779541015625
452.19781250000005,61.70437500000001
453.75,59.18000000000001
455.3102529144287,56.646108627319336
456.8653033447266,54.11939331054687
458.53175781249996,51.6733203125
460.196630859375,49.2232568359375
460.5239546942711,47.459999999999994
457.52257877111435,47.46
454.5121625590324,47.459999999999994
451.50884933967143,47.46
448.50734298706055,47.46
446.13,46.73433518409729
448.24670607313516,45.7
451.2417096240632,45.7
454.23724909256913,45.7
457.24267037903894,45.7
460.2318297851086,45.7
462.83,46.25821852684021
462.0474265003204,49.02679829597473
460.48999999999995,51.565
458.934419002533,54.082637529373166
457.4420458984375,56.662021484374996
455.8267626953125,59.1532373046875
454.3780554199218,61.742576904296875
452.81590820312505,64.270048828125
451.2567156982422,66.80656860351563
449.8084875488281,69.40755981445312
448.2539546775818,71.92903597831726
449.5994444222748,72.95
452.60657221540816,72.94999999999999
455.5950181381404,72.95
458.5933133618534,72.95
461.59167929530145,72.95
462.5281061553955,74.71
459.53015307426455,74.71
456.52270252346995,74.71
453.5308732615853,74.71
450.5275788509846,74.71
447.5291073703766,74.71
#
