-604.4434863281251,72.656630859375
-601.6790064239502,71.70642204284668
-600.0332373046874,69.37647460937501
-599.47,66.50789096832276
-599.766630859375,63.5766259765625
-600.7537579345703,60.82624206542968
-603.3523455810547,59.47
-606.2722926318645,59.17999999999999
-609.1333740234375,59.766630859375
-611.4436371612549,61.44297538757324
-612.36,64.22109619140625
-612.36,67.23418956756592
-611.6187799072266,70.04970764160157
-609.5074230957031,72.03128845214843
-606.6557301604747,72.66
-608.104521484375,74.41
-610.864699600935,73.40570275187494
-613.0953141021729,71.48937179565431
-614.12,68.73624206542969
-614.4099999999999,65.79634063720704
-614.0640850830079,62.87624206542969
-612.9878125,60.135625000000005
-610.6463010299206,58.320738389492035
-607.8778125,57.37468750000001
-604.933829908371,57.129999999999995
-602.1036373829842,57.85944781541824
-599.558306274414,59.39169372558594
-599.140625,57.315
-597.42,58.48280059218407
-597.42,61.489528319686656
-597.42,64.47768825277686
-597.42,67.4872656739573
-597.42,70.49081784540788
-597.42,73.48447822904214
-599.17890625,74.44624999999999
-599.6199999999999,72.51
-602.184052734375,74.0120263671875
-605.0288737142085,74.71
