
-87.9532568359375,59.463486328125
-88.76898925781249,56.662021484374996
-89.326943359375,53.787978515625
-90.1435546875,50.9924609375
-90.96060668945313,48.17600708007812
-92.0361572265625,50.072314453125
-92.78,52.894044189453126
-93.36999999999999,55.754921874999994
-94.09398437499999,58.57753906250001
-92.35234375,59.47
-89.34738408565522,59.47
-99.67,73.28903137207031
-99.08,70.432021484375
-98.35,67.59802368164063
-97.62601562500001,64.76246093750001
-96.9410107421875,61.937954101562504
-96.2525390625,59.0882421875
-95.5683154296875,56.2467431640625
-94.82999999999998,53.424696655273436
-93.92795410156249,50.6299755859375
-92.97953613281251,47.859072265625
-91.14284790039062,45.7
-89.3330234527588,47.91395309448242
-88.38297103881835,50.698823623657226
-87.51,53.492045898437496
-86.78,56.3172607421875
-86.05384277343751,59.1532373046875
-85.3710107421875,61.992045898437496
-84.6952099609375,64.8172607421875
-83.99,67.66710937500001
-83.26,70.487978515625
-82.68,73.34897144198418
-84.3627392578125,74.479580078125
-85.214296875,71.685078125
-85.8935546875,68.8624609375
-86.5825390625,66.0117578125
-87.22000000000001,63.1620458984375
-88.79191753387451,61.23
-91.78916854798794,61.23
-94.677109375,61.5075390625
-95.42,64.32122009277344
-96.054296875,67.1817578125
-96.74,70.02000000000001
-97.4225390625,72.8582421875
-99.106318359375,74.71
