
-69.483486328125,72.656630859375
-66.71900642395019,71.70642204284668
-65.07231445312499,69.37647460937501
-64.51,66.51128166198731
-65.19367022514342,63.66713307499886
-67.09994603872299,61.52
-70.1083505883813,61.52
-73.112978515625,61.52000000000001
-76.10758911132812,61.519999999999996
-77.7,63.06426365539432
-77.7,66.06635314941406
-77.7,69.0638019645214
-76.97760314941407,71.69300354003906
-74.17999999999999,72.50999999999999
-71.21636794447899,72.66
-65.953681640625,58.863681640625
-64.8,56.195908203125
-64.51,53.26424339294433
-65.22300308227538,50.431873092651365
-67.29653503417968,48.41234558105469
-70.13923515319824,47.75
-73.12357849121094,47.75
-75.9900244140625,48.34
-77.7,50.259232116192585
-77.7,53.25635782049969
-77.7,56.25495892509818
-77.7,59.25591418266296
-75.09997658025473,59.77
-72.09912125080824,59.77
-69.09526290893555,59.77
-79.45,74.12881625056266
-79.45,71.12325793804601
-79.45,68.12252529425314
-79.45,65.12716375564924
-79.44999999999999,62.1348332133959
-79.44999999999999,59.12390859797597
-79.45,56.13634115582332
-79.45,53.13237191038206
-79.45,50.13105791881681
-79.45,47.131237371955066
-77.8071875,45.86765625
-76.06877990722656,46.29
-73.21333572387695,45.7
-70.22481615066528,45.7
-67.36214401245117,46.328927993774414
-64.7678545475006,47.79214545249939
-63.11905212402343,50.25189575195313
-62.46,53.09708068847656
-62.75,56.031119384765624
-63.73278494477272,58.78556988954544
-64.24555844664573,61.466713255643846
-62.89987449645996,64.15103569030762
-62.46,67.05379336357117
-63.05,69.90624206542968
-64.58341521263122,72.43341521263123
-67.13408586502075,73.9670429325104
-69.94958007812501,74.71
-72.9487760734558,74.71
-75.81382835388185,74.11999999999999
-77.7,74.32996231079102
