
-583.3533740234375,72.656630859375
-580.5890064239501,71.70642204284668
-578.9332373046875,69.37647460937501
-578.38,66.50789096832276
-578.6667431640624,63.5766259765625
-579.6637579345703,60.82624206542968
-582.2611193847656,59.47
-585.1989761447907,59.18
-588.0532568359373,59.769999999999996
-590.3560847663879,61.45658478736877
-591.27,64.23352020263673
-591.27,67.23418956756592
-590.5215124511719,70.04970764160157
-588.4167669677735,72.03128845214843
-585.5506372833252,72.66
-593.32,74.0909423828125
-593.32,71.0814516796288
-593.32,68.08725922638783
-593.32,65.08783360468456
-593.32,62.093552937556524
-593.32,59.08240388473496
-593.32,56.07628629114711
-593.32,53.077471366722605
-593.32,50.08557791184401
-593.32,47.07901406288147
-591.644375,45.885625
-591.56,48.85315290093422
-591.56,51.8397196829319
-591.56,54.857032111380256
-591.56,57.85534049987793
-590.8023602294921,59.01236022949219
-588.1172607421875,57.71000000000001
-585.2652281856537,57.13
-582.324521484375,57.42
-579.6021478271484,58.567559814453126
-577.5115625,60.616875
-576.62,63.41151245117187
-576.33,66.34923892974854
-576.811819229126,69.23363845825196
-577.9526834869384,71.94268348693848
-580.3541650390624,73.6441162109375
-583.146996459961,74.60169311523437
-586.1154897212982,74.71
-588.906448726654,73.83677563667297
-591.3985944366455,72.23140556335449
-591.8401562500001,74.70875
