
-48.116513671875,74.70663085937498
-50.87479196548462,73.76260401725769
-53.34984435081482,72.10015564918518
-55.34455894470214,69.90088211059572
-56.901855329275136,67.36628934144973
-57.983003540039064,64.61760314941407
-58.65,61.77102003455162
-58.650000000000006,58.77467964172364
-58.051176376342774,55.92758705139159
-56.963415212631226,53.16683042526245
-55.41097229003906,50.641944580078125
-53.4531005859375,48.4131005859375
-51.01804241895675,46.71902120947837
-48.244521484375,45.769580078125
-45.252427368164064,45.7
-42.475393985509875,46.615910228490826
-39.99481377005577,48.24518622994423
-37.86871040344238,50.37128959655762
-39.93536697387695,50.94463302612305
-42.09469116210938,48.857654418945316
-44.85737976074219,47.91404418945312
-47.818348512649536,47.75
-50.62241497993469,48.57318362236023
-52.894178615808485,50.49417861580849
-54.63414351463318,52.899006204605094
-55.842021484374996,55.6099755859375
-56.599999999999994,58.428684979826215
-56.599999999999994,61.43844446778298
-56.02,64.29142395019531
-54.87591022849083,67.02539398550988
-53.2811242389679,69.52887576103211
-51.115403966903685,71.58821509361267
-48.345908203125,72.537978515625
-45.37224548339844,72.66
-42.58145399093628,71.79572699546814
-40.32479196548462,69.85479196548462
-37.85,69.52218750000002
-39.621986417770394,71.79198641777039
-41.99630102992058,73.55556264042855
-44.7766796875,74.504921875
-47.72695366859436,74.71
