
-565.2065136718751,74.70663085937498
-567.9647919654846,73.76260401725769
-570.4278545475006,72.11214545249939
-571.64,69.4553515625
-572.23,66.58554523468018
-571.9717137145996,63.6520369720459
-571.1485424041748,60.8370848083496
-569.171654894352,58.67903964757919
-566.4606249999999,57.4653125
-563.5466172397137,57.13
-560.6563584899902,57.63682075500488
-559.34013671875,59.778691406250005
-561.9611763763427,59.33179466247559
-564.9296044921875,59.18000000000001
-567.7258837890626,60.005908203125
-569.59,62.2017578125
-570.18,65.06648746490478
-570.002021484375,68.024091796875
-569.0544482421875,70.7920263671875
-566.553515625,72.2682421875
-563.6320676326752,72.66
-560.745908203125,72.1879541015625
-559.34,73.37137230873108
-561.8930035400391,74.51830688476562
-564.8407244873047,74.71
