
-545.2634863281249,72.656630859375
-542.4990064239502,71.70642204284668
-540.8532373046876,69.37647460937501
-540.29,66.50789096832276
-540.586630859375,63.5766259765625
-541.5737579345703,60.82624206542968
-544.1723455810547,59.47
-547.0922926318647,59.17999999999999
-549.9534863281251,59.766630859375
-552.2636371612549,61.44297538757324
-553.18,64.22109619140625
-553.18,67.21982147216798
-552.4387799072266,70.04970764160157
-550.3274230957031,72.03128845214843
-547.4757301604748,72.66
-548.9268408203125,74.41
-551.684699600935,73.40570275187494
-553.9153141021728,71.48937179565431
-554.94,68.73624206542969
-555.23,65.79634063720704
-554.8840850830079,62.87624206542969
-553.8078125,60.135625000000005
-551.4800601959229,58.32764724731446
-548.6978124999999,57.37468750000001
-545.753829908371,57.129999999999995
-542.9330700683594,57.854691162109376
-540.3783062744141,59.39169372558594
-540,57.30819995522499
-540,54.30795386450365
-540,51.30414479522035
-540,48.304788403958085
-539.4618730926514,45.7
-538.24,47.629484963919964
-538.24,50.62778708890081
-538.24,53.63203832641011
-538.24,56.61923614470288
-538.24,59.622518253177404
-538.24,62.628954120564735
-538.24,65.63485852838727
-538.24,68.62656892092897
-538.24,71.63420203253625
-538.3243749999999,74.58999999999999
-540,73.2948258972168
-541.3535339164735,73.1867669582367
-544.0619445800781,74.39097229003906
-546.9913407003879,74.71
