
-23.7833740234375,72.656630859375
-21.019006423950195,71.70642204284668
-18.805043716430664,69.71504371643067
-17.136201553344726,67.27066123962402
-15.9253125,64.54218750000001
-15.29,61.6981298828125
-15.29,58.697870513945816
-15.935914916992187,55.846242065429685
-17.136201553344726,53.13933876037598
-18.81371501803398,50.68628498196602
-21.032414979934693,48.69681637763977
-23.803453979492186,47.75
-26.813275913000105,47.75
-29.721119384765625,48.085559692382816
-32.29,49.33820459485054
-32.29,52.344433277715
-32.29,55.33986984610558
-32.290000000000006,58.33050960827851
-32.29,61.3296370573528
-32.29,64.32892576592043
-32.29,67.33797739276662
-32.29,70.32874996319413
-30.403828353881835,72.07
-27.54218057259917,72.66
-24.543529638051986,72.66
-34.04,72.63282726168632
-34.04,69.63879044615896
-34.04,66.6468426513672
-34.040000000000006,63.649145806210576
-34.04,60.64190895593492
-34.04,57.63740670308471
-34.04,54.63964931340888
-34.04,51.646869208421556
-34.04,48.64723191572353
-33.85124999999999,45.72109375
-32.03394554138183,46.89284370422364
-29.29676695823669,45.819395303726196
-26.33238024353981,45.7
-23.373828353881837,45.91161270141602
-20.592536821365357,46.86129017829895
-18.228788042068484,48.62562721252442
-16.274696655273438,50.87169311523437
-14.783359375,53.459609375
-13.710882110595701,56.19528953552246
-13.24,59.09516880393028
-13.24,62.08428202629089
-14.048880615234374,64.89653503417969
-15.137155914306641,67.6519871520996
-16.690419921875,70.175478515625
-18.76672671198845,72.32435685157776
-21.286896362304688,73.89441223144532
-24.10388026237488,74.70999999999998
-27.09764651298523,74.71
-29.981873092651366,74.24512382507325
-32.29,73.88804784774781
