
-9.149296875,74.70992187499999
-9.43,71.88880202174187
-9.430000000000001,68.88171049021884
-9.429999999999998,65.88606322884559
-9.43,62.8955211742036
-9.43,59.892900742643974
-9.43,56.88250009892741
-9.43,53.8948986835801
-9.43,50.8838531114161
-9.43,47.88606132520363
-8.472975387573243,45.7
-5.935786209553479,45.7
-2.9291851965896782,45.7
0.07963120395317691,45.7
3.0658068318665026,45.7
6.071850273460148,45.7
7.475625,47.34625
4.514447058439254,47.459999999999994
1.5219794575870038,47.46
-1.4846102368272838,47.46000000000001
-4.485631428956985,47.46
-7.481249999999999,47.48109375
-7.68,50.40176232159138
-7.68,53.40811544887722
-7.68,56.396364250183105
-7.0530078125,58.88999999999999
-4.042143182009458,58.89
-1.0437429015338422,58.89
0.50890625,60.451249999999995
-2.43160870552063,60.64
-5.439985387474298,60.64
-7.68,61.537309231758115
-7.679999999999999,64.53603469990193
-7.68,67.53648700244725
-7.68,70.53759641587733
-6.9881478893756865,72.95
-3.9821728515625,72.95
-0.9756087530590597,72.95
2.0223931585252286,72.95
5.0130433951318265,72.95
7.56,73.55970764160156
5.575649455785752,74.71000000000001
2.5675526173412795,74.71000000000001
-0.4304832671023906,74.71000000000001
-3.4236150497011844,74.71
-6.430222253799439,74.71
