
-519.2000000000002,65.03011718750001
-519.79,62.1772607421875
-521.6675850200653,59.999231357574466
-524.4716514873504,59.18
-527.4326202392579,59.338576049804686
-530.2220263671875,60.296474609375004
-531.6984336853027,62.79025291442871
-531.4330617749691,65.04
-528.430722322464,65.04
-525.4373317613267,65.04
-522.4194408060611,65.04
-519.4237300872803,65.04
-529.6793218421935,73.86033907890321
-532.1864108848572,72.26940615653992
-533.55,69.66997558593751
-534.14,66.82790618896485
-533.9882053375244,63.851176376342764
-533.165872850418,61.04291519165039
-531.284052734375,58.781103515625006
-528.5749999999999,57.565000000000005
-525.6793331432342,57.13
-522.7700244140625,57.5379541015625
-520.0584277534484,58.75463899612427
-518.1493817138671,60.98123657226562
-517.3353033447266,63.78300354003906
-517.7844482421875,66.52768554687499
-520.7185509490967,66.79999999999998
-523.7227469535172,66.8
-526.7267291510105,66.8
-529.7228526102007,66.8
-532.09,67.42073059082031
-531.2506617736816,70.23297538757325
-529.0420458984374,72.07
-526.2164106750488,72.81179466247558
-523.2525186920166,72.95
-520.3953515625,72.372890625
-518.03,72.38174919128417
-519.6411180877685,74.3368207550049
-522.5437778151036,74.71
-525.5580953216553,74.71
