
-509.82929687499995,74.70992187499999
-510.11999999999995,71.8928125
-510.12,68.88839076505974
-510.12,65.88326740145682
-510.12,62.894919810537246
-510.12,59.888778032120314
-511.39116967082026,58.010000000000005
-514.3600390624999,57.9396875
-513.0974813079835,56.25
-510.155,56.084999999999994
-510.12,53.10052206993103
-509.46094787597656,50.25189575195312
-507.8121454524994,47.79214545249939
-505.21785598754883,46.328927993774414
-502.3657301604748,45.7
-499.4331591796875,46
-497.23,47.40709350585938
-498.955078125,48.06246093749999
-501.88134070038797,47.75
-504.749375,48.2946875
-507.1030035400391,49.93239685058593
-508.057109375,52.705078125
-508.36,55.6396875
-505.86233245730403,56.25
-503.09000000000003,56.63180793762207
-504.83823660492897,58.01
-507.8437915515899,58.010000000000005
-508.35999999999996,60.6425323151052
-508.36,63.642019903939214
-508.36,66.63813174128532
-508.36,69.64185718884691
-508.36,72.624395083189
-509.42389137268066,74.71
