
11.061308593749999,74.70992187499999
10.78,71.88880202174187
10.78,68.88171049021884
10.78,65.88606322884559
10.78,62.8955211742036
10.779999999999998,59.892900742643974
10.78,56.88250009892741
10.78,53.8948986835801
10.78,50.8838531114161
10.78,47.88606132520363
11.733615885972977,45.7
14.732299341838806,45.7
17.73274542087922,45.7
20.734385339375585,45.7
23.73578363740817,45.7
26.73225472569466,45.7
27.272902994155885,47.46
24.28309837767854,47.459999999999994
21.288315411116926,47.459999999999994
18.285119276046753,47.46
15.282080618590115,47.459999999999994
12.54,47.8572872877121
12.540000000000001,50.85630893528461
12.54,53.866951918602
12.54,56.86038344539702
13.616773378849029,58.89
16.617675894796847,58.89
19.620020796358585,58.89
20.317740631103515,60.64
17.32866810709238,60.64
14.317301908433437,60.64
12.540000000000001,61.996968307495116
12.54,64.99971082614735
12.539999999999997,67.99060035705565
12.54,70.99353712117299
12.54,73.9920989716053
