
42.1233740234375,74.70663085937498
39.36215336799622,73.76260401725769
36.8978515625,72.1146875
34.88838729858398,69.90088211059572
33.33308607816696,67.36628934144973
32.25060668945313,64.61760314941407
31.58,61.78958930969238
31.58,58.77467964172364
32.18358932495117,55.92758705139159
33.26413254022599,53.18044903039932
34.81968383789062,50.641944580078125
36.78050964355469,48.4131005859375
39.21829073309898,46.71902120947837
41.9931591796875,45.769580078125
44.97547066688538,45.7
47.74941528320313,46.60970764160157
50.235186229944226,48.24518622994423
52.361289596557626,50.37128959655762
50.30324256896973,50.94463302612305
48.13653503417969,48.857654418945316
45.36358932495118,47.90702896118164
42.400395507812505,47.75
39.6041162109375,48.579975585937504
37.3354638671875,50.504536132812504
35.595856485366824,52.899006204605094
34.392045898437495,55.6099755859375
33.63,58.441623849868776
33.63,61.43844446778298
34.22,64.305
35.36029235839844,67.03785217285157
36.958875761032104,69.52887576103211
39.12459603309631,71.58821509361267
41.8900244140625,72.537978515625
44.867754516601565,72.66
47.66758705139161,71.78882362365724
49.91515191078186,69.84484808921815
50.63,67.10410723686218
50.629999999999995,64.09553019404412
49.17865705966949,62.4
46.17863605976105,62.39999999999999
43.59,62.96284790039063
41.84,62.68951919555664
42.92823219239712,60.63999999999999
45.92386176168919,60.64
48.93859375,60.64
51.933552184104926,60.64
52.38,63.34190612792969
52.38,66.34412979302928
52.38,69.35230468750001
50.70814514160157,71.69185485839844
48.34851981878281,73.5007400906086
45.56888061523438,74.44678588867187
42.6403670501709,74.71
