
-483.4533740234375,72.656630859375
-480.6828440856933,71.70642204284668
-479.03323730468753,69.37647460937501
-478.48,66.50789096832276
-478.7667431640625,63.5766259765625
-479.7618298339844,60.82624206542968
-482.36111938476563,59.47
-485.28229263186455,59.17999999999999
-488.15289062499994,59.77
-490.4493382263184,61.44297538757324
-491.37,64.22109619140625
-491.37,67.23418956756592
-490.62151245117184,70.04970764160157
-488.51676696777344,72.03128845214843
-485.6657301604747,72.66
-490.334521484375,86.43
-492.54,85.01929626464843
-490.8344482421875,84.35231445312499
-487.9728192138672,84.96
-484.98160644531254,84.96
-482.12877990722654,84.29802368164061
-479.6112884521484,82.83323303222656
-478.66530334472657,80.06060668945312
-478.18,77.18355583071708
-478.18,74.18197123527526
-478.8101811981201,72.70018119812012
-481.4224609375001,74.12
-484.29178305625913,74.71
-487.2099755859375,74.41
-489.9615815544128,73.35920922279358
-492.1453005218506,71.38939895629882
-493.13,68.62357795715332
-493.41999999999996,65.69368350982666
-493.0216931152343,62.77699645996094
-491.93686035156253,60.0468603515625
-489.5551741027832,58.27235275268555
-486.786484375,57.328242187499995
-483.8310865247249,57.13
-481.01135453343386,57.910170915126805
-478.4779278564453,59.47207214355469
-478.0809375,57.229023437500004
-476.43000000000006,58.60160830324516
-476.42999999999995,61.60881665587426
-476.42999999999995,64.60431032375665
-476.43,67.59371384432772
-476.43,70.5998182032071
-476.43,73.60462463378906
-476.42999999999995,76.59345191955566
-476.43,79.59071082115173
-477.2053005218506,82.42060104370117
-478.92578612327577,84.82578612327575
-481.59530334472663,86.13
-484.44810389637945,86.72
-487.45902844429014,86.72
