
56.471308593749995,74.70992187499999
56.19,71.88880202174187
56.18999999999999,68.88171049021884
56.190000000000005,65.88606322884559
56.190000000000005,62.8955211742036
56.19,59.892900742643974
56.19,56.88250009892741
56.190000000000005,53.8948986835801
56.19,50.8838531114161
56.19,47.88606132520363
57.138999958038326,45.7
57.95000000000001,48.05082152232527
57.95,51.0482916200161
57.95,54.04472106933594
57.95,57.04621887207031
59.20884501099586,58.89
62.21260332867504,58.89
65.21316434979438,58.89
68.22116012742742,58.89
71.20749999999998,58.87
71.43,55.966048492919654
71.43,52.95783166527748
71.43,49.966273982133714
71.43,46.96701110169292
73.1778125,45.98015625
73.18,48.986671385914086
73.18,51.97298289806349
73.18,54.96959905034164
73.17999999999999,57.98663602954475
73.18,60.974564847003194
73.18,63.97234508391702
73.18,66.98271578280256
73.18,69.97093749999999
73.18,72.98167392006144
71.7702734375,74.71
71.43,71.93939438819885
71.43,68.93123535156249
71.43,65.93658891966567
71.43,62.9420501984097
70.57613281249999,60.63999999999999
67.57362913504242,60.64
64.57171417042613,60.64000000000001
61.576258600559086,60.64
58.58477636218071,60.64
57.95,63.14921316256746
57.95,66.14785369470715
57.95,69.14427362633869
57.95,72.1554248510301
57.3622361755371,74.71
