
-472.03929687499993,74.70992187499999
-472.32,71.88880202174187
-472.32,68.88171049021884
-472.32000000000005,65.88606322884559
-472.32000000000005,62.8955211742036
-472.32,59.892900742643974
-472.32,56.88250009892741
-472.32,53.8948986835801
-472.31999999999994,50.8838531114161
-472.31999999999994,47.88606132520363
-471.3629753875732,45.7
-470.57,48.061508130282164
-470.57,51.04924961924553
-470.57,54.04990775510669
-470.57,57.04949111104012
-470.3658984375,59.5658984375
-467.8615411663055,57.97188024520874
-465.0600878143311,57.13
-462.0971520996094,57.261423950195315
-459.3176293349266,58.21042623281479
-456.92521049499516,59.934789505004886
-455.7953308868408,62.65363716125488
-455.33,65.54236060738563
-455.3299999999999,68.53665409222245
-455.33,71.5411738663353
-455.36749999999995,74.53999999999999
-457.09000000000003,73.38605889856815
-457.09,70.37450164735317
-457.0899999999999,67.39039254665374
-457.38,64.455
-458.1992313575745,61.64758502006531
-460.379580078125,59.77
-463.23909661173826,59.18
-466.16999999999996,59.47
-468.8371520996094,60.67262023925781
-469.98,63.36060668945312
-470.57,66.21716105401516
-470.57,69.20707503974437
-470.56999999999994,72.21198528289794
-471.2047104644775,74.71
