
77.57070312499998,74.70992187499999
77.29,71.88880202174187
77.29,68.88171049021884
77.29,65.88606322884559
77.29,62.8955211742036
77.29,59.892900742643974
77.29,56.88250009892741
77.29,53.8948986835801
77.29,50.8838531114161
77.29,47.88606132520363
78.24702461242676,45.7
79.04,48.04317713737488
79.04,51.04640188300982
79.04,54.046204761958215
79.03999999999999,57.04505098723108
79.04,60.05934553056722
79.04,63.0591345979832
79.04,66.0588792541786
79.04,69.04960547581547
79.04,72.06092001566662
78.5671875,74.71
