
-450.066513671875,86.71674316406249
-452.8046966552734,85.73530334472657
-451.99204589843754,84.08
-449.16641067504884,84.82179466247558
-446.2025186920166,84.96
-443.32662597656247,84.3832568359375
-440.589375,83.40781249999999
-439.21999999999997,80.8055517578125
-438.63,77.94499428391457
-438.63,74.9488194920146
-438.63,71.9538096098788
-438.63000000000005,68.944583262729
-438.63,65.95073100425536
-438.63,62.95627396943048
-438.63,59.95771099448204
-438.3110784912109,57.13
-436.87999999999994,58.84696635767818
-436.87999999999994,61.84646171318367
-436.88,64.85106492263498
-436.88,67.85403774308274
-436.88,70.85632044753059
-436.88,73.83881966590882
-436.88,76.8468688405864
-436.9472607421875,79.824521484375
-437.76778129577633,82.64556259155273
-439.568090209961,84.98892150878905
-442.284521484375,86.199580078125
-445.15454426765444,86.71999999999998
-448.1478134071827,86.72
-438.63,53.5876953125
-437.80977233886716,51.27
-436.88,53.50637107849121
