
86.063486328125,74.70663085937498
83.53949417114258,73.34610862731934
83.89268348693847,71.35268348693847
86.40636283874511,72.66
89.3500603914261,72.95
92.26805541992188,72.64031616210937
95.04079077720642,71.68635336875916
96.804207611084,69.36635047912597
97.5,66.52848693847656
97.5,63.524042673110955
97.5,60.53196022033691
97.5,57.53190344085917
97.5,54.52562086330727
97.5,51.529774176601784
97.5,48.5202383518219
97.80313964843751,45.7
99.26,47.41212585614994
99.26,50.40570983886718
99.26,53.402958473435135
99.25999999999999,56.40532134935493
99.26000000000002,59.407599591847976
99.26,62.40896638106787
99.26000000000002,65.40438379896804
99.26,68.41394475102423
98.11624064445496,71.12973803520202
96.06545266389847,73.22727366805077
93.3455517578125,74.41
90.4151141357422,74.71
87.40662825584411,74.71
