
103.64130859375003,74.70992187499999
103.36,71.88880202174187
103.36000000000001,68.88171049021884
103.36,65.88606322884559
103.36,62.8955211742036
103.36,59.892900742643974
103.36,56.88250009892741
103.36,53.8948986835801
103.36,50.8838531114161
103.36,47.88606132520363
104.31702461242676,45.7
105.11999999999999,48.037332788705825
105.12,51.041119330953805
105.12,54.04419203475118
105.12,57.047473029047254
106.55777886405588,56.568124899864195
108.65768554687499,54.436474609375004
110.62904530048371,52.20888269305229
112.75391630373895,50.081420383695516
114.86760736286641,47.96515165254473
116.98767364501953,45.84249992370606
118.56647705078126,47.19352294921875
116.44625728331505,49.31374271668493
114.32187784850598,51.43812215149403
112.20984577178955,53.550154228210445
110.19818077087402,55.76025291442871
108.13672609850764,57.92327390149236
106.01141533851623,60.048584661483766
107.81327390149235,62.16865443348884
109.93858466148376,64.28896446228028
111.87495813906193,66.52495813906192
113.99857220925391,68.64857220925391
116.11860959358512,70.76860959358513
118.23765625,72.88765624999999
117.4013623046875,74.71
115.20746432125569,72.7851197655499
113.09005668453874,70.66512992439792
110.96750213496387,68.53998689366504
108.87215698242187,66.38817016601563
106.89556598782539,64.18062458038331
105.12,62.88568109631538
105.12,65.88992229392753
105.12,68.89710658192635
105.12,71.89231044158339
104.79107849121094,74.71
