
-432.489296875,74.70992187499999
-432.77,71.88880202174187
-432.7699999999999,68.88171049021884
-432.77000000000004,65.88606322884559
-432.77000000000004,62.8955211742036
-432.77,59.892900742643974
-432.77,56.88250009892741
-432.77000000000004,53.8948986835801
-432.77,50.8838531114161
-432.77,47.88606132520363
-431.81297538757326,45.7
-431.02,48.0449665248394
-431.02,51.05374123546062
-431.02,54.052181775390636
-431.02,57.05198726058006
-431.02,60.05420570196584
-431.02,63.048107997048646
-429.88718549922106,63.31718549922109
-427.878387298584,61.1108821105957
-425.8068847076595,58.956884707659476
-423.5576031494141,57.13
-422.972018648386,59.042018648386005
-425.1035200846195,61.17352008461952
-427.05233159065244,63.42233159065247
-429.1669536685944,65.53695366859435
-427.8117431640625,67.6582568359375
-425.86281921386717,69.89718078613281
-423.73598313376306,72.02401686623692
-422.54109374999996,74.51125
-425.03842712521555,73.6541481232643
-427.15737738251687,71.54035346269606
-429.1013916015625,69.29860839843748
-431.02,67.6820703125
-431.02,70.6685866947472
-431.02,73.6709538950026
