
-418.13868164062495,74.70992187499999
-418.42,71.88880202174187
-418.41999999999996,68.88171049021884
-418.41999999999996,65.88606322884559
-418.42,62.87504586184164
-418.42,59.892900742643974
-418.42,56.88250009892741
-418.4200000000001,53.87604090804234
-418.42,50.8838531114161
-418.42,47.88606132520363
-417.45727432250976,45.7
-416.66,48.04317713737488
-416.65999999999997,51.04640188300982
-416.66,54.046204761958215
-416.65999999999997,57.04505098723108
-416.6600000000001,60.048941999568775
-416.66,63.0591345979832
-416.66,66.03972282409669
-416.6600000000001,69.04960547581547
-416.65999999999997,72.04879536217777
-417.13437500000003,74.71
