
122.980703125,74.70992187499999
122.69999999999999,71.88880202174187
122.7,68.88171049021884
122.70000000000002,65.88606322884559
122.70000000000002,62.8955211742036
122.70000000000002,59.892900742643974
122.7,56.88250009892741
122.70000000000002,53.8948986835801
122.7,50.8838531114161
122.70000000000002,47.88606132520363
123.65702461242675,45.7
124.45,48.04769785314798
124.45,51.045884444378316
124.45,54.053125082631595
124.45,57.055356675316574
124.44999999999999,60.05216116934548
124.45,63.053964485577296
124.45,66.05276635332498
124.45,69.05065127147827
124.45,72.05307766675949
126.66392433166504,72.95
129.6656347835064,72.94999999999999
132.66987013816833,72.95
135.65782997012138,72.95
138.66400012373924,72.95
139.18264340400694,74.71
136.18898276925086,74.71
133.18986319541932,74.71
130.1832788193226,74.71
127.18147463096305,74.71
124.18265792295337,74.71
