
158.72070312499997,74.70992187499999
158.44000000000003,71.89294018706308
158.44,68.89127320454689
158.44,65.89320465116063
158.44,62.89256322130561
158.44,59.888601870108396
158.44,56.88378227645531
158.44,53.88033338665962
158.44,50.885147218704226
156.97500000000002,53.025
155.4178125,55.5528125
153.9220458984375,58.127954101562494
152.3167626953125,60.6132373046875
150.276875,58.935312499999995
148.70685966491698,56.41478950500488
147.22075622558592,53.82802368164062
145.69635848999025,51.27524040222168
145.25,52.9275257396698
145.25,55.9257995464094
145.25,58.92758388416842
145.25,61.91941667914391
145.25,64.92316713213921
145.25,67.93075485423208
145.25,70.93438288345934
145.25,73.93132104754449
143.5,73.39663668572904
143.5,70.40039396335371
143.5,67.40242967498489
143.5,64.40331567905844
143.5,61.39692267895676
143.5,58.39522749616765
143.5,55.402648035660384
143.5,52.39844845154323
143.5,49.39192902505398
143.5,46.397513160705564
145.25,46.53456664085388
146.176875,49.26531250000001
147.8227392578125,51.7231591796875
149.49142395019533,54.17284790039062
151.04642204284667,56.699006423950195
152.71151245117187,56.56970764160157
154.270419921875,54.044521484375
155.93142395019532,51.59262023925781
157.6003232574463,49.1379630279541
158.44,46.38838171958923
160.2,46.54215884566307
160.2,49.54070328101516
160.2,52.553500000704084
160.19999999999996,55.53915192618966
160.2,58.54373829841614
160.2,61.534984741210934
160.2,64.55329247400164
160.2,67.55084490662207
160.2,70.5489342030324
160.2,73.54423276951536
