
-412.27869140625,74.70992187499999
-412.56,71.89733963966368
-412.56,68.8949898815155
-412.56,65.89655847668648
-412.55999999999995,62.883989791870114
-412.56,59.88717472910881
-412.3152795410156,57.13
-410.80000000000007,58.6043727874756
-409.377275390625,58.616318359375
-406.67464843749997,57.42
-403.7412043273449,57.13
-400.8653515625,57.6975390625
-398.1621875,58.927812499999995
-396.51826744079585,61.382680435180674
-394.9398188018799,59.13981880187988
-392.3275390624999,57.71
-389.45821694374087,57.13
-386.5263628387451,57.42000000000001
-383.7884184455872,58.477293262481695
-381.6046994781494,60.45060104370117
-380.63000000000005,63.225908203125
-380.33000000000004,66.1606357692182
-380.33,69.14988208221271
-380.33,72.16059400126338
-380.913224363327,74.71
-382.09,72.7656804996729
-382.09,69.77690033234656
-382.09,66.76875299274921
-382.52297103881835,63.878823623657226
-383.46935348510743,61.102683486938474
-385.954091796875,59.592021484375
-388.85933314323427,59.18
-391.755,59.62
-394.2027701568604,61.143798446655275
-395.15204589843756,63.920024414062496
-395.57,66.82937732696533
-395.56999999999994,69.81679795742035
-395.57,72.82838470458984
-396.82620155334473,74.71
-397.32,72.09523880660534
-397.32,69.10185458123684
-397.32,66.1041556930542
-397.91,63.23933822631836
-399.1400244140625,60.5899755859375
-401.826484375,59.47
-404.7601769924164,59.18
-407.6189279937744,59.78929763793946
-409.7428293418884,61.75260401725768
-410.51,64.5633203125
-410.8,67.50488623559475
-410.8,70.50656707763672
-410.8,73.50617900848388
