
-375.94869140624996,74.70992187499999
-376.23,71.88477113058791
-376.23,68.8938338829577
-376.23,65.89011233633384
-376.23,62.88926345467567
-376.23,59.890491870492696
-375.84819206237796,57.13
-374.47,58.89494673728943
-372.7977827453613,58.49050582885742
-370.0528479003906,57.42
-367.1174773991108,57.13
-364.24676269531255,57.71
-361.6297523498535,59.138126907348635
-359.9423602294922,61.575279541015625
-359.24,64.41337219238281
-359.24,67.4031640625
-359.24,70.4030441477336
-359.24,73.40852414056658
-360.98875,74.51124999999999
-361,71.51206644237041
-361,68.51850062407553
-361,65.5196487045288
-361.73,62.69499999999999
-363.2645960330963,60.24361906051636
-366.04357795715333,59.29129219055176
-369.00775451660155,59.18
-371.8075870513916,60.046410675048826
-373.5899999999999,62.282045898437495
-374.3587078094482,65.10741561889648
-374.47,68.07894029080867
-374.4700000000001,71.08050206661224
-374.47,74.08683799266815
