
164.580703125,74.70992187499999
164.3,71.88880202174187
164.3,68.88171049021884
164.3,65.88606322884559
164.3,62.8955211742036
164.3,59.892900742643974
164.3,56.88250009892741
164.3,53.8948986835801
164.3,50.8838531114161
164.3,47.88606132520363
165.25702461242676,45.7
166.1859558105469,48.01737976074219
167.8467858886719,50.462345581054684
169.49075622558593,52.94802368164063
171.07636283874513,55.45702461242676
172.6314239501953,57.97737976074219
174.1864220428467,60.5090064239502
175.7453515625,63.0402734375
177.2024609375,65.64246093749999
178.81122009277348,68.12848754882812
179.53,67.40073905706406
179.53000000000003,64.40143706351519
179.53,61.40254354391247
179.53,58.399830009541475
179.53,55.411923828125
179.53,52.39970102287363
179.53,49.40195300395135
179.52999999999997,46.40163803100586
181.29,46.52969168866053
181.29,49.526399223275945
181.29000000000002,52.53565626152558
181.29,55.5193799303961
181.29,58.52305878969142
181.28999999999996,61.534984741210934
181.29,64.53337204392301
181.29,67.53273148536682
181.29,70.51928010210395
181.29,73.52859181761741
179.53,74.3968603515625
178.7077392578125,71.595478515625
177.14363716125487,69.05727432250977
175.6932373046875,66.4732373046875
174.14022532463076,63.93045064926147
172.58714414596557,61.407293262481694
171.036630859375,58.8833740234375
169.47257349967956,56.34679829597473
167.97404418945314,53.77404418945312
166.4673716545105,51.2167669582367
166.05,52.99853874579072
166.05,55.990700650012585
166.05,58.996269144963
166.05,61.98900917053223
166.05,64.99719282532111
166.05,67.98832027599215
166.05,70.98479732157662
166.05,73.99812141418457
