
-345.17337402343753,72.656630859375
-342.40284408569335,71.70642204284668
-340.75323730468745,69.37647460937501
-340.2,66.50789096832276
-340.4867431640625,63.5766259765625
-341.4818298339844,60.82624206542968
-344.07234558105466,59.47
-347.0022926318646,59.17999999999999
-349.872890625,59.77
-352.1636371612549,61.44297538757324
-353.09,64.22109619140625
-353.09,67.23418956756592
-352.3387799072266,70.04970764160157
-350.2367669677734,72.03128845214843
-347.3857301604748,72.66
-348.8268408203125,74.41
-351.6019871520996,73.3990064239502
-353.82328430175784,71.47343139648439
-354.84,68.7131591796875
-355.14,65.79634063720704
-354.78408508300777,62.87624206542969
-353.70781250000005,60.135625000000005
-351.3711252808571,58.320738389492035
-348.599375,57.37468750000001
-345.6507551896572,57.13
-342.8227785396576,57.86426439285278
-340.27702461242677,59.392975387573244
-338.73,61.910625
-338.13999999999993,64.77313720703125
-338.1767858886719,67.75111938476563
-338.9988106536865,70.55762130737304
-340.7668603515625,72.9368603515625
-343.4911193847656,74.15555969238281
-346.35486055970193,74.71
