
198.876513671875,72.656630859375
201.64099357604982,71.70642204284668
203.85495628356932,69.71504371643067
205.51917255282402,67.25986709475518
206.73312500000003,64.54218750000001
207.36,61.6981298828125
207.36,58.697870513945816
206.72215698242186,55.846242065429685
205.5084745514393,53.128645466566084
203.8375154399872,50.677515439987175
201.6275850200653,48.69681637763977
198.85128959655762,47.75
195.8579630279541,47.79171371459961
193.083359375,48.7433203125
190.87938591003416,50.76061408996581
189.2418730926514,53.22837455749512
188.0424609375,55.9346484375
187.44000000000003,58.79685426831246
187.44,61.80874626159668
188.1217578125,64.6366796875
189.32731651306153,67.35324256896973
191.0170827484131,69.78708274841308
193.24475952148438,71.74737976074219
196.03748634338376,72.66
195.79111808776855,74.63429733276367
193.01494673728942,73.68433518409729
190.5905096435547,71.9968994140625
188.62289062500003,69.75492187500001
187.06297538757323,67.21595077514648
185.98882362365723,64.48241294860841
185.39000000000001,61.61515597701073
185.39,58.620410690307615
186.06364663124086,55.779209222793575
187.14499999999998,53.03
188.70492187500003,50.496484375
190.7078515625,48.2953125
193.1721533679962,46.64739598274231
195.9484051513672,45.70000000000001
198.9411193847656,45.736785888671875
201.71221725463866,46.686108627319335
204.15378356933593,48.35378356933594
206.1446875,50.589375
207.69610268592834,53.11220537185669
208.78261159896851,55.85940615653992
209.41,58.71532944798469
209.41,61.7140625
208.775908203125,64.5641162109375
207.69610268592837,67.29779462814331
206.1340850830078,69.84182983398438
204.15378356933593,72.05621643066407
201.71221725463866,73.72389137268067
198.923525390625,74.682314453125
