
-324.073486328125,72.656630859375
-321.30900642395017,71.70642204284668
-319.66231445312496,69.37647460937501
-319.1,66.50789096832276
-319.3867431640625,63.5766259765625
-320.38375793457027,60.82624206542968
-322.9823455810547,59.47
-325.90229263186455,59.17999999999999
-328.7633740234375,59.766630859375
-331.07363716125485,61.44297538757324
-331.99,64.23352020263673
-331.99,67.23418956756592
-331.24877990722655,70.04970764160157
-329.13676696777344,72.03128845214843
-326.2706372833252,72.66
-334.0400000000001,86.07367256982253
-334.0400000000001,83.07384416693822
-334.04,80.0815644666902
-334.04,77.07136315706418
-334.04,74.06404433540767
-334.0400000000001,71.07552993893624
-334.04,68.07809113395169
-334.04,65.07998300677166
-334.04,62.08095837950707
-334.04,59.073346017643345
-332.8513623046875,57.13
-332.2900000000001,59.72921134948731
-329.8819159603119,58.122706737518314
-327.1021875,57.175312500000004
-324.1129052734375,57.13
-321.34057907104494,58.05765670776368
-318.8773959827423,59.7026040172577
-317.64,62.346474609374994
-317.05000000000007,65.21611606597901
-317.2894858551025,68.15897171020508
-318.11091484069823,70.96182968139648
-320.07640340805057,73.14320170402527
-322.7962420654297,74.35408508300782
-325.69925709128376,74.71
-328.5833203125,74.2117578125
-331.3090234375,73.0002734375
-332.29,73.70329376094043
-332.29,76.71244947828352
-332.2900000000001,79.71248862922192
-332.29,82.71326815329493
-332.29,85.69814329624177
