
223.1866259765625,61.2267431640625
225.9571559143066,60.28258438110352
227.60676269531248,57.9555517578125
228.16000000000003,55.07789096832275
227.87,52.1433740234375
226.87817016601562,49.398170166015625
224.28765441894532,48.05
221.35770736813544,47.75
218.487109375,48.34
216.1963628387451,50.01297538757324
215.27,52.80352020263672
215.27,55.80418956756591
216.02122009277343,58.61970764160156
218.12323303222655,60.601944580078126
220.97426983952522,61.23
213.22,74.0909423828125
213.22000000000003,71.09541044905781
213.22000000000003,68.10490019798279
213.22,65.08783360468456
213.22,62.093552937556524
213.22,59.10315518961521
213.22,56.09629665493965
213.22,53.095757432132956
213.22,50.10071673383936
213.22,47.09629779336974
214.8809765625,45.8766015625
215.33792968749998,47.98207031250001
217.87463302612304,46.452683486938476
220.69500393509864,45.70000000000001
223.6331591796875,45.930419921875
226.41876925110816,46.88185532927514
228.7717529296875,48.673505859375005
229.84682075500487,51.41364151000977
230.21,54.32521484375
229.92,57.26151245117188
228.9114055633545,60.02718887329102
226.70494673728942,61.959388446807864
223.94382835388186,62.989999999999995
221.01982300758362,63.28
218.15938491821288,62.67951889038086
215.5620721435547,61.22207214355469
214.98000000000002,62.821897435039276
214.98,65.82622509384528
214.98,68.82906464515254
214.98,71.81996832728386
214.72499999999997,74.70499999999998
