
247.7966259765625,72.656630859375
249.86499999999998,71.50500000000001
248.38,69.1141362762451
250.5160015964508,68.63600159645081
252.63,69.87
254.3479736328125,67.46312988281251
255.55499999999998,64.745
256.29,61.91604797363281
256.29,58.91265778183937
255.7,56.0517578125
254.5352404022217,53.32300422668457
252.9225690555573,50.83256905555725
250.746318359375,48.7931591796875
247.9766796875,47.844921875
244.98589843750003,47.75
242.1975870513916,48.648823623657236
239.9660015964508,50.60399840354919
238.26704293251038,53.03722146034241
237.0583068847656,55.74699645996094
236.37,58.57410760045052
236.37,61.5844538116455
236.95,64.43753906250001
238.16033907890318,67.15845883369445
239.79405650138855,69.63405650138856
241.98471046447756,71.65382835388185
244.7589717102051,72.6077439880371
247.7570947265625,72.66
242.12057907104494,73.77528953552246
239.66356803894044,72.14356803894043
237.64469665527344,69.93939331054688
236.08870982170106,67.4074196434021
235.00681193351744,64.6568982410431
234.32,61.82608416557312
234.32,58.81519366264342
234.905,55.955
235.97940615653994,53.22118768692017
237.54325683593748,50.673486328125
239.48696144104002,48.44303855895996
241.9119871520996,46.7390064239502
244.68911788940432,45.788387298583984
247.66410156249998,45.7
250.45743483543396,46.59740372657776
252.93661755561828,48.20945640563965
254.97702896118165,50.40358932495117
256.53705955863,52.93411911725998
257.6150155544281,55.67740372657776
258.34,58.51358881950378
258.34,61.511617994308466
257.7963628387451,64.37297538757323
256.7142972481251,67.12140550374984
255.17591491699218,69.67215698242188
253.78781730651858,71.90993804931641
254.806328125,74.4959375
252.24048714756964,73.88048714756965
249.72204589843753,74.11999999999999
246.8629296875,74.71
