
-303.27348632812493,72.656630859375
-300.50900642395015,71.70642204284668
-298.862314453125,69.37647460937501
-298.3,66.50789096832276
-298.58674316406245,63.5766259765625
-299.5837579345704,60.82624206542968
-302.1823455810547,59.47
-305.10229263186454,59.17999999999999
-307.96337402343755,59.766630859375
-310.2736371612549,61.44297538757324
-311.19,64.23352020263673
-311.19,67.23418956756592
-310.44877990722654,70.04970764160157
-308.3367669677734,72.03128845214843
-305.4706372833252,72.66
-298.01,86.07503173828125
-298.01,83.08134112648668
-298.01,80.0792402215954
-298.01,77.07227226607502
-298.01,74.08181674785911
-298.7119188690185,72.77191886901855
-301.36142395019533,74.12
-304.22319846510885,74.71
-307.144091796875,74.41
-309.89215336799623,73.30739598274232
-312.0204638671875,71.299072265625
-312.95,68.51363716125488
-313.24,65.59171875
-312.80499999999995,62.69499999999999
-311.68819206237794,59.96819206237794
-309.2839080250263,58.22413254022598
-306.505,57.275000000000006
-303.5503955078125,57.13
-300.7337461853028,57.960247650146485
-298.23206115722655,59.54793884277344
-297.82593749999995,57.158710937500004
-296.25,58.69777457609773
-296.25,61.70778917482123
-296.25,64.70459541714983
-296.25,67.70263850166695
-296.25,70.7057367375982
-296.25,73.70417262481526
-296.25,76.69657678170363
-296.25,79.70361576562748
-296.25,82.71024720191956
-295.28939331054687,84.38
-293.32000000000005,84.78055809020996
-295.28939331054687,86.43
