
-289.51929687500007,74.70992187499999
-289.8,71.88477113058791
-289.8,68.8938338829577
-289.8,65.89011233633384
-289.8,62.88926345467567
-289.8,59.890491870492696
-289.41819206237795,57.13
-288.05,58.90829073309898
-286.3743972015381,58.49050582885742
-283.6273797607422,57.42
-280.6874773991108,57.13
-277.836875,57.71
-275.20187309265134,59.138126907348635
-274.8562898254395,60.94
-277.45785454750063,59.934653301239024
-280.27233159065247,59.17999999999999
-283.2231591796875,59.4027392578125
-285.9966149902344,60.348336181640626
-287.42444030761715,62.91765441894531
-288.05,65.76794727325439
-288.04999999999995,68.76275866985321
-288.05,71.75927907288074
-288.24859374999994,74.67874999999998
