
270.946513671875,61.516743164062504
273.74487617492673,60.703622283935545
276.1099136924744,59.08689824104309
277.0632373046875,56.304448242187505
277.09,53.311256408691406
276.39897171020505,50.47620155334473
274.3532017040253,48.437426500320434
271.5170707798004,47.75
268.58348632812493,48.05
265.8462420654297,49.04182983398438
264.49,51.632345581054686
263.91,54.509026322364804
263.91,57.5056670075655
263.91,60.50136898040771
266.0061963105202,61.519999999999996
268.990512740612,61.519999999999996
262.15,73.82962559668347
262.15,70.84062053805218
262.15,67.83864094042917
262.15,64.83127697510645
262.15,61.824893198627976
262.15,58.83356674419716
262.15,55.83679550984176
262.15,52.84105631710962
262.15,49.83149901032448
262.15,46.834871414583176
263.91,46.100546875
264.4522857666016,47.79771423339844
267.04112661361694,46.33443669319153
269.8892712688446,45.7
272.81182983398435,46
275.5751700401306,46.9975850200653
277.8159375,48.904999999999994
278.85,51.67375793457032
279.14,54.5930725479126
278.803125,57.51218750000001
277.72196190834046,60.265111541748055
275.3848258972168,62.08235275268555
272.6078125,63.0353125
269.8382071685791,63.3482071685791
271.9117578125,65.5166796875
273.909863357544,67.71986335754394
276.02554188728334,69.83554188728333
277.983196362257,72.083196362257
279.0691015625,74.5784375
276.56344192504883,73.60290428161622
274.612421875,71.352421875
272.6647937011719,69.10840393066407
270.70739598274236,66.86045064926148
268.76241928100586,64.62241928100586
266.4428094482422,63.28
263.90999999999997,63.88272968292236
263.91,66.8812585067749
263.91,69.89135841079056
263.91,72.87988378942012
262.5834649658203,74.71
