
-267.25651367187504,74.70663085937498
-270.002021484375,73.71204589843751
-269.177978515625,72.07
-266.3229296875,72.66
-263.3936371612549,72.36
-260.655,71.33500000000001
-259.1623602294922,69.30763977050782
-261.57708480834964,67.5814575958252
-264.3563628387451,66.6289680480957
-267.127978515625,65.63
-269.5220611572266,64.00840110778809
-270.17999999999995,61.17008926391601
-268.3901715087891,58.86017150878905
-265.7625962734222,57.71
-262.8901898479462,57.129999999999995
-259.9335893249512,57.268205337524414
-257.29,58.3631640625
-258.594521484375,59.700419921875
-261.46958793640135,59.18
-264.3911193847656,59.50678588867188
-267.058896484375,60.6944482421875
-268.06207031250005,62.7579296875
-265.5955986022949,64.40220069885254
-262.80468750000006,65.33
-260.0485009765625,66.2912109375
-257.79608260154725,68.11620071411133
-257.3303232574463,70.98064651489258
-259.3006320345402,73.20902536153794
-262.0297723388672,74.12
-264.8849334716797,74.71
