
285.28581176757814,74.70578308105469
283.83,72.31876342773438
285.34237869262694,72.41237869262696
288.1176883901656,72.94999999999999
291.12254631996154,72.95
293.9766796875,72.36
296.66590820312496,71.24409179687501
297.89,68.5826202392578
298.48,65.72610862731933
297.83408508300784,62.87624206542969
295.51711916834114,61.230000000000004
292.51976265307513,61.23
289.51838366616516,61.22999999999999
286.5198988342285,61.23
284.27,59.47
283.445078125,56.6533203125
283.24,53.71051624298096
283.83,50.85487617492676
285.1061086273193,48.23389137268067
287.59292294263844,46.6035385286808
290.38181824684136,45.70000000000001
293.373538736552,45.70000000000001
296.38509856343273,45.7
299.02658765912054,46.54658765912057
299.4475,49.19265625
297.1772855937481,47.46
294.1653815746307,47.46
291.2100244140625,47.577954101562504
288.3840441894531,48.34
286.14962430953983,50.13610268592834
285.29,52.929747085571286
285.29,55.7968408203125
286.3369969177246,58.46699691772461
289.1454526031017,59.18
292.14660572702064,59.18
295.1475866074301,59.18000000000001
298.0337992858887,59.691899642944335
299.65,62.02939331054688
300.23,64.88934627532959
300.1382421875,67.86351562499999
299.32232048034666,70.67535903930664
297.4990234375,73.0002734375
294.7891178894043,74.20544105529784
291.9115172167122,74.71
288.8977903832495,74.71
285.91068443298343,74.71
