
312.82130859374996,74.70992187499999
312.54,71.87785674896091
312.54,68.88603076696396
312.54,65.88296112522949
312.54,62.890959291416216
312.54,59.89030053277034
312.54,56.88756065819412
312.54,53.88307271848898
312.54,50.886637103594836
312.54,47.89343807458877
309.81803373247385,47.46
306.81358617037534,47.46000000000001
304.34,46.82528953552246
306.3542933630943,45.7
309.3485868917033,45.7
312.3445115658641,45.7
315.34808639913797,45.7
318.34437467336653,45.7
321.3475,45.70234375
320.36432233095167,47.46
317.37032890081406,47.46000000000001
314.3990625,47.5590234375
314.3,50.52764058019966
314.29999999999995,53.534822938442225
314.3,56.534882416692554
314.3,59.54047741589602
314.30000000000007,62.54185884915758
314.3,65.53260602712632
314.3,68.52634583305567
314.3,71.53158263582736
314.2712890625,74.5259375
