
-240.59651367187502,74.70663085937498
-243.35479196548462,73.76260401725769
-245.81785454750062,72.11214545249939
-247.03,69.4553515625
-247.62,66.58563710004093
-247.62,63.593082010746
-247.62,60.59460614174604
-248.18620849609377,58.01
-251.19904296875,58.010000000000005
-250.71767547607422,56.25
-247.743046875,56.169765625
-247.62,53.21202065050602
-247.62,50.209500239267946
-247.62,47.20140871584415
-246.03625,45.7990234375
-245.86,48.72161376953125
-245.86000000000004,51.72162109710276
-245.86,54.71869747698307
-244.2875262570381,56.25
-241.2824476623535,56.25
-240.83019575119022,58.010000000000005
-243.82823766708376,58.01
-245.86,59.116226005554196
-245.86,62.11192989349365
-245.86,65.12750436365604
-245.3989680480957,68.01066177368165
-244.4444482421875,70.7920263671875
-241.943515625,72.2682421875
-239.0392038166523,72.66
-236.14933822631835,72.19466911315918
-234.73000000000002,73.35974914550782
-237.28300354003903,74.51830688476562
-240.23072448730468,74.71
