
332.453486328125,74.70663085937498
329.68243632078173,73.75621816039086
327.22498430252074,72.11214545249939
326.02,69.4553515625
325.43,66.59002782776953
325.42999999999995,63.602157831192024
325.43,60.596160162705935
325.43,57.60162925720215
325.43000000000006,54.59964852705598
325.43,51.58313870429993
325.43,48.59358033016324
325.66960937500005,45.7052734375
327.19,47.345062255859375
327.19,50.3475227355957
327.19,53.34306759387255
327.19,56.34008685965091
327.19,59.33009481430054
327.19,62.33917056315113
327.19,65.33909446001053
327.74323730468745,68.20647460937501
328.7223455810547,70.97111938476563
331.2966259765625,72.36
334.1655517578125,72.94999999999999
336.9633203125,72.1617578125
339.36749215126036,70.56785454750062
340.31408508300785,67.79182983398438
340.6600000000001,64.87426417414099
340.66,61.87383883725852
340.66,58.8665566444397
340.65999999999997,55.874708367628045
340.6600000000001,52.868964750901796
340.6600000000001,49.87999366503209
340.66,46.880859375
342.42,46.06256317257881
342.42,49.067360739540305
342.42,52.059811166953295
342.4200000000001,55.06721281632781
342.4200000000001,58.0689932183153
342.42,61.05767643119907
342.41999999999996,64.07297119274735
342.4200000000001,67.05677216121927
342.42,70.0642067783512
342.42,73.05883921621367
340.9237499999999,74.70874999999998
340.50845756530765,72.22328430175781
338.02089901804925,73.83078644633294
335.2324704742432,74.70999999999998
