
-223.896513671875,74.70663085937498
-226.65479196548463,73.76260401725769
-229.1178545475006,72.11214545249939
-230.33,69.4553515625
-230.92,66.58200027465821
-230.92,63.59549579769374
-230.92,60.582056644856934
-230.92,57.598081512451174
-229.16000000000003,58.1941556930542
-229.16,61.19185458123684
-229.15999999999997,64.19699458502234
-228.87,67.12871154785157
-228.1681701660156,69.9555877685547
-226.10268348693847,71.9879630279541
-223.2686223602295,72.66000000000001
-220.345078125,72.36
-217.595478515625,71.345478515625
-216.27,68.73624206542969
-215.68,65.87589482784271
-215.67999999999998,62.885253590941424
-215.68,59.87717875659466
-215.29819206237792,57.13
-213.93,58.91285857601092
-213.93,61.90614654550329
-213.93,64.92151755332947
-213.93,67.91408515715972
-213.93,70.91026161478833
-213.93,73.91984526634216
-215.68000000000004,74.00240310668944
-216.43763977050781,72.82763977050782
-219.1082421875,74.12
-221.96833978533743,74.71000000000001
