
-203.3825244140625,74.7074755859375
-204.909580078125,72.225478515625
-205.99464843750002,69.480703125
-206.9363628387451,66.71297538757324
-207.88375793457033,63.93441223144531
-208.95,61.184687499999995
-209.82,58.3923250579834
-208.066630859375,57.426625976562505
-207.19,60.2320458984375
-206.31,63.017152099609376
-205.43,65.8020458984375
-204.55,68.596875
-203.67,71.38974708557129
-202.7632373046875,72.306474609375
-201.91,69.51197631835939
-201.04000000000002,66.71802368164062
-200.16,63.9153125
-199.28,61.138242187500005
-198.4124609375,58.325351562499996
-196.34999999999997,57.42421691894531
-196.90050002098084,60.286584787368774
-197.84871154785156,63.06676696777343
-198.9240850830078,65.80624206542969
-199.87968383789064,68.58871154785156
-200.9642973327637,71.33364151000977
-202.1141015625,74.0341015625
