
354.7274755859375,74.7074755859375
353.06417541503913,72.25835083007811
352.1167626953125,69.48444824218751
351.2989892578125,66.677978515625
350.61615722656245,63.842314453125
349.89,61.0072607421875
349.15999999999997,58.182045898437494
348.43,55.3575390625
347.732470703125,52.5072607421875
347.0489892578125,49.682045898437494
346.52000000000004,46.81021428108215
348.3472607421875,46.134521484375
349.16,48.9424609375
349.75,51.790419921875
350.48,54.62595581054688
351.0947900390625,57.4872607421875
351.8,60.3046875
352.46898925781244,63.1620458984375
353.12,66.00400733947754
353.837109375,68.8246484375
354.52218750000003,71.66437499999999
355.737080078125,70.9267626953125
356.48,68.11500000000001
357.07000000000005,65.2382421875
357.79398437500004,62.412890625
358.39,59.564921875
359.12,56.73169311523438
359.72291992187496,53.882314453125
360.44,51.047260742187504
361.1,48.195
362.2755877685547,45.7
363.52,47.61524772644043
362.78,50.435312499999995
362.0789215087891,53.264085083007814
361.39000000000004,56.105000000000004
360.70812500000005,58.935312499999995
360,61.77312500000001
359.27,64.6
358.54,67.426875
357.66,70.2182421875
356.6196883392334,72.9706233215332
