
375.8174755859375,74.7074755859375
374.15417541503905,72.25835083007811
373.207685546875,69.48444824218751
372.38898925781245,66.677978515625
371.7061572265625,63.842314453125
370.99,61.0072607421875
370.25,58.182045898437494
369.52,55.3575390625
368.8247900390625,52.5072607421875
368.143056640625,49.682045898437494
367.62,46.81021428108215
369.4472607421875,46.134521484375
370.25,48.9424609375
370.8399999999999,51.813125
371.57,54.64000000000001
372.192470703125,57.4872607421875
372.89,60.3232373046875
373.563056640625,63.1620458984375
374.21,66.00400733947754
374.9367431640625,68.84337402343749
375.62577520370485,71.67485300064087
376.8361572265625,70.9267626953125
377.5799999999999,68.10142395019531
378.16,65.2382421875
378.8935546875,62.412890625
379.48,59.55197631835938
380.21,56.717978515625
380.8234375,53.863125000000004
381.53,51.047260742187504
382.195,48.195
383.3696875,45.7
385.34,47.2372607421875
386.057080078125,50.072314453125
386.66,52.935078125
387.38999999999993,55.7521875
387.98644531250005,58.60289062500001
388.6752099609375,61.452739257812496
389.3634460449219,64.29142395019531
389.9147900390625,67.1572607421875
390.7330065917969,69.9640850830078
391.67871154785155,72.58257690429687
392.6352099609375,69.7972607421875
393.4,66.98530334472657
393.98,64.1146875
394.691078491211,61.28591491699218
395.3,58.43142395019531
395.9309881591797,55.58075622558594
396.62,52.742890625
397.29945678710936,49.90830688476562
397.9874609375,47.078242187499995
400.0081640625,45.8587890625
399.84,48.724921875
399.1116845703125,51.556743164062496
398.4274609375,54.3982421875
397.7394567871094,57.23469665527343
397.0535546875,60.0724609375
396.33,62.8982421875
395.6,65.73469665527344
394.8567431640625,68.5566259765625
393.9127392578125,71.3268408203125
392.6403271484375,73.9996728515625
390.3887890625,73.667578125
389.3,70.9267626953125
388.3640850830078,68.14817016601563
387.5464453125,65.342890625
386.86054321289066,62.50830688476563
386.17253906250005,59.675078125
385.4835546875,56.82710937500001
384.76,54.0017578125
384.02000000000004,51.1782421875
383.1874609375,53.2282421875
382.49898925781247,56.077954101562504
381.8161572265625,58.9167626953125
381.09,61.73802368164063
380.36,64.572021484375
379.63000000000005,67.39289062499999
378.75,70.1920458984375
377.725,72.95
