
-185.51252441406248,74.7074755859375
-187.039580078125,72.225478515625
-188.115078125,69.480703125
-189.0663628387451,66.71297538757324
-190.01375793457032,63.93441223144531
-191.06999999999996,61.184687499999995
-191.95,58.3923250579834
-190.196630859375,57.426625976562505
-189.32,60.2320458984375
-188.44,63.017152099609376
-187.56,65.8020458984375
-186.68000000000004,68.596875
-185.8,71.38974708557129
-184.89323730468752,72.306474609375
-184.04000000000002,69.51197631835939
-183.16,66.71802368164062
-182.29,63.9153125
-181.41000000000003,61.138242187500005
-180.5424609375,58.325351562499996
-178.385078125,57.2217578125
-177.35784301757815,59.946242065429686
-176.43,62.73805541992188
-175.5953125,65.5378125
-174.77469665527346,68.34060668945312
-173.8255596923828,71.11888061523437
-172.91,72.590419921875
-172.0567626953125,69.783525390625
-171.244921875,66.983515625
-170.28968383789064,64.19871154785156
-169.47197631835937,61.39122009277344
-168.65820533752444,58.581176376342775
-166.645625,57.214375
-166.88872079849241,60.029660921096806
-167.93,62.7917578125
-168.91469665527345,65.54300354003905
-169.98,68.30531250000001
-170.94544105529786,71.0708821105957
-172.023486328125,73.8168603515625
-174.31094787597655,73.89905212402344
-175.41404418945314,71.16284790039063
-176.43,68.405
-177.4359558105469,65.65262023925781
-178.48000000000002,62.8982421875
-179.36,61.184687499999995
-180.41624206542969,63.93441223144531
-181.36363716125487,66.71297538757324
-182.31492187499998,69.480703125
-183.390419921875,72.225478515625
-184.9266259765625,74.71
