
403.6413085937499,74.70992187499999
404.07239685058596,72.10520629882812
405.6320611572266,69.57587768554687
407.0776749420166,66.97803565979004
408.52662536621096,64.37674926757812
409.98091484069823,61.75817031860352
410.43531249999995,59.2253125
408.97018119812014,56.63036239624024
407.5192962646484,54.022202758789064
406.06793884277346,51.415877685546874
404.5125962734222,48.895192546844484
403.65,46.09180793762207
405.7931017589569,46.766203517913816
407.35662536621095,49.30112998962402
408.7995750208199,51.89794380798936
410.1445824034512,54.58442837014795
411.48634864807127,57.26443916320801
412.83115164637564,57.22948450684547
414.1777076376974,54.539906791895625
415.5154879905283,51.86785732075572
416.9685944366455,49.250976972579956
418.52310891389845,46.72756367921829
420.64,46.16268348693848
419.74727366805075,48.95545266389847
418.1966253662109,51.486749267578126
416.74428939819336,54.08803565979004
415.2930234527588,56.70395309448242
413.815078125,59.2717578125
414.35,61.82
415.79859443664554,64.42718887329102
417.248046875,67.0429296875
418.70337463378905,69.64674926757812
420.25040694117547,72.17081388235093
420.5442053222656,74.71
418.45361310601237,73.26216761946678
416.89879035949707,70.72758071899413
415.446166447401,68.1123328948021
414.110803450197,65.44160690039396
412.7621424138546,62.74428482770921
411.42440015599124,62.971199688017364
410.08332249494265,65.65335501011461
408.74053565576673,68.33892868846655
407.29236022949215,70.94527954101562
405.73917144060135,73.4674162185192
