
-162.369296875,74.70992187499999
-161.7084042303264,72.28840423032642
-159.58460632324218,70.1646063232422
-157.62609375,67.92292968749999
-155.75546875,65.7941015625
-157.87275390625,63.6695654296875
-159.8212819544971,61.428718045502904
-161.94336814284324,59.30663185715675
-161.9898046875,57.129999999999995
-159.64032714843748,58.6796728515625
-157.52470410346984,60.79529589653015
-155.564927084893,63.04507291510701
-153.45072873115538,63.74072873115539
-151.32748634338378,61.617486343383796
-149.368330398798,59.36833039879799
-147.24820363163948,57.248203631639484
-145.7027880859375,58.6327880859375
-147.8210377533734,60.75103775337338
-149.7784051513672,62.99840515136719
-151.89936462402343,65.11936462402343
-151.38925709128378,67.23074290871621
-149.4272119140625,69.47278808593751
-147.29789421081543,71.60210578918458
-145.66,73.90702461242675
-147.7527017521858,74.08729824781418
-149.8761438253522,71.9638561746478
-151.82284156799315,69.71715843200683
-153.93491508483885,67.60508491516113
-156.0646128177643,69.28461281776428
-158.01012002915144,71.53012002915145
-160.1341481232643,73.6541481232643
