
-137.7566259765625,86.71674316406249
-140.49469665527343,85.73530334472657
-139.70824218750002,84.08000000000001
-136.875,84.815
-133.91312562823296,84.96
-131.044921875,84.3924609375
-128.2979630279541,83.4179630279541
-126.91,80.8346484375
-126.33000000000001,77.97007662773132
-126.33000000000001,74.9742319662869
-126.39905212402346,72.13905212402344
-128.87317504644395,73.78158752322197
-131.65085563659667,74.71
-134.64375793457032,74.65215698242189
-137.41513893485072,73.70420742392541
-139.85187309265137,72.02812690734864
-141.02531249999998,69.339375
-141.56000000000003,66.48296765953303
-141.56,63.477261781990535
-141.56,60.47055939406157
-141.56,57.465743465423586
-139.8,58.323820991516115
-139.80000000000004,61.32343292236328
-139.8,64.31355891026557
-139.50999999999996,67.25122009277344
-138.7561716461182,70.07471046447755
-136.64290428161624,72.03827903747558
-133.7906372833252,72.66
-130.85877990722656,72.36000000000001
-128.15357795715332,71.25741561889649
-126.91,68.62357795715332
-126.33,65.7569454908371
-126.33,62.75439370632172
-126.33000000000001,59.75832561969757
-125.81248413085937,57.13
-124.57,59.02160347938538
-124.57,62.03435839533806
-124.57,65.02178361967206
-124.56999999999998,68.0332167816162
-124.57,71.0320174063486
-124.57,74.02713855833048
-124.57,77.02583791730925
-124.72179466247559,79.99358932495116
-125.5485424041748,82.80708480834961
-127.425947265625,85.0679736328125
-130.13500000000002,86.28
-133.0263916015625,86.72
-136.0368821322918,86.72
