
428.54348632812497,74.70663085937498
425.80204589843754,73.71204589843751
426.6359558105469,72.07
429.46262023925783,72.81857604980469
432.4174813079834,72.95
435.283486328125,72.363369140625
438.03277015686035,71.37897171020508
439.39,68.7955517578125
439.97999999999996,65.92744892328977
439.98,62.92240865468979
439.4783062744141,61.14169372558594
436.89936998367307,62.62971940994262
434.0451376473904,63.28
431.1188806152344,62.99
428.3494025099277,62.00676381349564
426.09495536804195,60.11991073608399
425.0400000000001,57.366474609375
424.75,54.42931646248326
424.75,51.42514023184776
424.75,48.429106920957565
425.1479736328125,45.7
426.5,47.519787850975995
426.5,50.513398572802544
426.5,53.519092352986334
426.8792437744141,56.41122009277344
427.8331591796875,59.1986376953125
430.25997558593747,60.762021484375
433.06375793457033,61.52
435.93352539062494,60.912314453125
438.49464843749996,59.4953515625
439.4478430175781,56.72624206542969
439.98,53.85543079853058
439.98,50.85898494720459
439.98,47.859384246468544
440.970048828125,45.7
441.74000000000007,48.078769540786745
441.74000000000007,51.08299677014351
441.74,54.072831802368164
441.74,57.078166557531816
441.74,60.082161185722796
441.74,63.08222961425781
441.74,66.08581783652306
441.37429733276366,68.99635848999023
440.2917529296875,71.736494140625
437.9437106585503,73.52814467072487
435.155478515625,74.479580078125
432.2222481763363,74.70999999999998
429.2209543168545,74.71000000000001
