
-120.479296875,74.70992187499999
-120.01015366077424,72.19880501627922
-117.89042394049466,70.07526283247395
-115.77407611370086,67.95510862469673
-113.51897614479066,65.99897614479065
-111.32997558593749,63.987954101562494
-109.1611436867714,61.935153449773786
-106.919056930542,59.9815803527832
-107.27825743675231,58.89
-110.2751517930813,58.89
-113.27375387147067,58.89000000000001
-116.2718979795277,58.89
-119.27112901329994,58.89
-120.69847656249999,57.28875
-117.76022225379944,57.13
-114.7536150497012,57.129999999999995
-111.76048326710239,57.129999999999995
-108.7624473826587,57.13
-105.75435054421425,57.129999999999995
-103.77,58.292094726562496
-105.47144925117493,60.58839458465576
-107.59289963051675,62.7060362559557
-109.80817016601563,64.69215698242188
-111.95498270988465,66.78498270988464
-114.20309505224228,68.73309505224228
-116.3154035949707,70.8454035949707
-118.56467195510864,72.8036765575409
-115.9199638544023,72.95
-112.91993208885192,72.95
-109.91322696724907,72.95
-106.9194452701509,72.95
-103.95499999999998,73.034375
-105.16218746766448,74.71
-108.15860540166497,74.71
-111.1622232197225,74.71000000000001
-114.14893855558708,74.71
-117.14919163703918,74.71
-120.15684172272682,74.71
