
446.12130859375,74.70992187499999
446.1877545559406,71.96279452443123
447.52350108265875,69.28478563427925
449.1851238250732,66.84187309265137
450.70204589843746,64.2779541015625
452.19781250000005,61.70437500000001
453.75,59.18000000000001
455.3102529144287,56.646108627319336
456.8653033447266,54.11939331054687
458.53175781249996,51.6733203125
460.196630859375,49.2232568359375
460.5239546942711,47.459999999999994
457.52257877111435,47.46
454.5121625590324,47.459999999999994
451.50884933967143,47.46
448.50734298706055,47.46
446.13,46.73433518409729
448.24670607313516,45.7
451.2417096240632,45.7
454.23724909256913,45.7
457.24267037903894,45.7
460.2318297851086,45.7
462.83,46.25821852684021
462.0474265003204,49.02679829597473
460.48999999999995,51.565
458.934419002533,54.082637529373166
457.4420458984375,56.662021484374996
455.8267626953125,59.1532373046875
454.3780554199218,61.742576904296875
452.81590820312505,64.270048828125
451.2567156982422,66.80656860351563
449.8084875488281,69.40755981445312
448.2539546775818,71.92903597831726
449.5994444222748,72.95
452.60657221540816,72.94999999999999
455.5950181381404,72.95
458.5933133618534,72.95
461.59167929530145,72.95
462.5281061553955,74.71
459.53015307426455,74.71
456.52270252346995,74.71
453.5308732615853,74.71
450.5275788509846,74.71
447.5291073703766,74.71
